1960.072 1824.633 1804.728 1922.645 1966.052 1857.395 1887.399 1920.344 2014.698 1891.702 1844.98 1923.04 1806.197 1779.178 1768.889 1756.012 1685.613 1745.011 1822.052 1925.465 1934.638 1801.81 1931.134 1852.219 1799.966 1943.453 1770.376 1821.721 1791.968 1785.828 
1881.381 1798.032 1876.63 1823.245 1897.974 1908.236 1800.653 1792.509 1870.158 1930.99 1824.564 1917.416 1858.656 1857.594 1745.917 1797.951 1711.611 1846.449 1912.338 1935.382 1986.644 1788.298 2010.892 1907.91 1838.816 1763.734 1842.537 1839.713 1828.448 1813.55 
1853.728 1813.835 1984.156 1866.658 1911.632 1947.81 1963.852 1746.453 1957.842 1787.061 1823.572 1794.438 1925.679 1755.872 1830.444 1783.359 1734.176 1776.723 1900.948 1849.677 1970.796 1860.81 1861.459 1858.731 1948.082 1876.503 1799.121 1861.52 1792.983 1750.349 
1835.584 1797.218 1821.738 1923.604 1832.622 1799.647 1949.343 1801.021 1744.875 1873.166 1744.457 1872.005 1870.642 1891.013 1856.428 1812.763 1696.366 1823.388 1900.417 1953.959 1851.487 1923.475 2047.821 1898.707 1937.365 1822.055 1773.667 1821.005 1779.294 1763.542 
1811.03 1834.182 1898.909 1898.516 1862.143 1899.512 1871.027 1894.142 1894.169 1818.869 1782.334 1961.956 1898.538 1857.281 1829.883 1843.388 1773.957 1745.579 1921.398 1856.432 1895.267 1907.698 1898.031 1900.329 1847.713 1859.136 1856.701 1834.026 1765.211 1733.933 
1961.821 1949.26 1853.76 1808.906 1969.182 1869.718 1875.114 1962.02 1969.251 1807.208 1816.555 1954.183 1798.494 1806.872 1852.445 1874.148 1785.546 1742.639 1870.887 1867.505 1953.267 1934.903 1949.44 1996.731 1905.382 1857.398 1760.418 1769.693 1771.044 1727.682 
1913.712 1889.074 1994.395 1845.981 1881.413 2027.65 1894.19 1921.364 1957.786 1850.045 1813.409 1881.268 1901.641 1850.909 1852.971 1705.696 1712.937 1814.254 2022.281 1822.455 1856.798 1949.062 1947.843 1953.769 1997.144 1862.549 1883.141 1801.266 1795.247 1758.58 
1996.622 1911.16 1873.803 1894.666 1897.957 1944.757 1830.854 1844.176 1937.092 1920.611 1771.958 1899.983 1853.101 1769.607 1711.329 1789.331 1765.151 1874.111 1946.584 1817.117 1930.853 1847.622 1954.35 1879.071 1801.613 1917.19 1815.922 1784.241 1755.04 1755.525 
2003.511 1807.873 1916.227 1916.232 1877.986 2010.163 1829.506 1937.622 1933.509 1811.097 1822.0 1899.039 1942.85 1828.127 1752.857 1842.797 1797.849 1790.29 1871.974 1908.553 1895.896 1898.693 1888.633 1829.34 1805.017 1851.803 1792.594 1681.099 1893.562 1744.444 
1893.281 1826.001 1914.841 1895.477 1900.768 1924.525 1997.093 1873.852 1933.257 1783.692 1694.042 1958.801 1864.355 1766.567 1704.745 1857.929 1731.526 1744.565 1841.675 1831.062 1812.092 1926.082 1848.988 2023.272 1864.408 1806.266 1814.211 1848.45 1757.594 1740.371 
1887.089 1763.945 2032.449 1815.619 1864.907 1974.261 1948.681 1862.97 1924.692 1857.054 1900.617 1898.406 1954.8 1859.355 1740.687 1783.929 1789.146 1783.856 1920.887 1876.982 1918.577 1824.199 1864.464 1963.948 1781.953 1761.684 1878.111 1747.313 1934.411 1835.143 
1829.34 1843.131 1969.436 1864.319 1913.738 1922.236 1876.441 1858.814 1957.279 1845.372 1868.567 1863.229 1788.161 1803.295 1829.093 1757.061 1709.528 1774.21 1918.89 1842.977 1993.357 1834.053 1933.196 1961.066 1877.426 1818.676 1924.945 1869.132 1848.551 1832.786 
1839.133 1871.319 1891.493 1943.536 1886.354 1838.386 1938.223 1929.599 1954.502 1768.49 1841.702 1890.905 1850.897 1835.404 1658.142 1831.347 1774.512 1762.335 2013.248 1922.031 1958.263 1987.281 1815.959 1944.727 1874.685 1843.927 1963.096 1766.54 1707.549 1790.508 
1921.318 1948.006 1839.544 1832.557 1920.445 1980.585 1894.16 1862.394 1861.694 1818.849 1794.301 1919.075 1799.05 1743.287 1815.746 1799.186 1694.286 1812.306 1945.52 1798.048 1838.985 1858.994 1867.854 2039.589 1899.778 1869.093 1823.824 1737.372 1794.545 1860.551 
1979.681 1880.576 1826.674 1846.798 1801.606 1939.24 1950.241 1885.053 1925.768 1935.34 1725.402 1889.296 1882.504 1803.749 1757.664 1932.358 1790.603 1704.506 2019.621 1930.748 2000.081 1935.659 1961.076 1969.583 1884.142 1959.238 1961.119 1808.847 1710.798 1832.876 
2055.806 1944.932 1868.709 1903.996 1938.998 1957.665 1923.327 1889.205 1864.873 1868.805 1825.382 1936.827 1859.001 1874.197 1754.718 1808.718 1785.688 1684.401 1957.64 1863.323 1907.32 1867.529 1968.305 1857.883 1927.578 1861.697 1709.797 1881.693 1851.493 1772.925 
1930.492 1901.564 1966.826 1799.601 1876.719 2001.776 1878.558 1944.391 1855.664 1800.088 1841.835 1908.902 1794.446 1783.071 1809.269 1811.205 1756.122 1745.973 1905.949 1946.829 1954.173 1951.513 1841.647 1990.659 1916.833 1912.892 1811.509 1928.118 1837.836 1812.42 
1996.139 1810.684 1889.297 1857.736 1883.677 1918.056 1869.89 1869.284 1928.221 1789.151 1821.391 2030.642 1858.521 1789.423 1854.268 1765.975 1752.674 1856.516 1877.94 1809.773 1979.131 1928.757 2038.248 1943.039 1935.969 1809.264 1838.224 1943.191 1818.881 1769.646 
1979.902 1966.736 1878.089 1967.791 1770.967 1911.458 1934.981 1760.103 1771.387 1954.702 1863.611 1899.017 1841.365 1757.019 1779.923 1742.683 1717.963 1681.352 1873.558 1952.473 1911.602 1838.972 1973.629 1957.923 1866.303 1874.598 1955.838 1842.068 1735.244 1866.895 
1868.055 1931.228 1929.872 2003.569 1845.54 1937.249 1879.43 1936.262 1915.237 1841.357 1862.296 1893.853 1839.297 1855.709 1788.322 1914.514 1716.296 1839.842 1929.272 1910.147 1943.047 1906.523 1973.743 2040.597 1749.337 1854.8 1859.941 1785.265 1877.769 1692.306 
1900.977 1875.009 1824.423 1904.738 1926.658 1807.453 1906.243 1928.88 1925.911 1765.628 1909.835 1956.544 1916.965 1834.199 1732.164 1770.261 1755.354 1702.611 1952.765 1853.277 1895.075 1899.1 1867.67 1923.477 1833.903 1904.84 1755.917 1904.52 1816.465 1742.108 
1959.974 1803.593 1914.502 1817.573 1917.661 1899.581 1933.154 1901.902 1884.315 1784.603 1841.745 1901.752 1890.103 1781.874 1729.072 1788.69 1767.166 1788.974 1901.773 1830.828 1904.669 1855.642 1981.123 1964.44 1965.716 1950.044 1750.832 1756.499 1811.319 1817.243 
1895.389 1963.363 1801.66 1856.673 1808.245 1849.856 1905.49 1806.391 1881.256 1870.566 1809.294 1893.491 1896.604 1761.158 1784.762 1861.509 1755.698 1791.197 1863.023 1829.913 1925.693 1820.404 1836.115 1940.86 1765.987 1829.671 1814.789 1851.048 1842.81 1798.733 
1965.677 1880.74 1791.68 1882.087 1858.672 1961.089 1937.92 1905.428 1985.983 1823.957 1867.293 1882.721 1800.075 1811.528 1771.099 1874.224 1800.61 1869.571 1900.999 1910.59 1837.429 1920.112 1882.647 1977.878 1936.316 1845.694 1911.665 1816.396 1845.979 1784.635 
1825.59 1916.966 1913.128 1877.079 1896.8 1967.853 1867.106 1855.461 1887.281 1805.776 1799.039 1843.319 1808.017 1668.099 1718.886 1733.113 1800.08 1788.942 1907.732 1873.573 1957.072 1967.368 1951.021 1852.489 1950.607 1777.309 1820.979 1746.404 1837.511 1752.49 
2018.05 1825.066 1906.079 1863.804 1907.869 1991.187 1895.412 1900.098 1929.707 1915.849 1914.463 1880.032 1906.346 1788.774 1744.96 1752.409 1800.403 1675.183 1869.108 1867.269 1811.219 1847.943 1967.744 1946.033 1875.645 1848.58 1836.073 1853.653 1669.274 1712.505 
1964.853 1887.547 1953.409 1785.822 1898.247 1908.309 1866.235 1930.931 1926.138 1793.937 1826.599 1914.536 1803.062 1796.73 1803.968 1768.907 1848.705 1780.894 2010.103 1854.706 1929.806 1949.286 1953.416 1903.868 1743.216 1806.324 1821.133 1836.358 1808.768 1784.012 
1945.187 1808.575 1799.522 1848.726 1827.148 1831.853 1798.146 1853.425 1874.376 1732.938 1800.516 1973.92 1856.675 1858.326 1767.229 1884.895 1779.697 1758.349 1897.98 1859.693 1824.709 1851.24 1813.095 1957.754 1773.544 1925.206 1899.324 1821.761 1791.115 1756.264 
2043.44 1837.389 1907.05 1821.883 1979.814 1889.437 1892.04 1946.217 1915.719 1685.208 1925.495 1873.609 1874.219 1780.267 1764.345 1812.913 1755.734 1818.779 1792.301 1938.183 1867.233 1921.783 1921.395 1981.459 1818.732 1862.753 1854.221 1819.932 1747.368 1813.343 
2089.006 1859.702 1946.495 1909.053 1997.955 1855.225 1981.97 1850.204 1929.758 1815.735 1897.501 1916.97 1786.841 1731.246 1875.136 1763.316 1670.889 1760.862 1964.379 1788.157 1811.228 1856.694 1909.163 1981.027 1881.182 1856.24 1885.867 1823.772 1845.052 1753.183 
1864.567 1782.341 1867.43 1871.584 1885.589 1908.243 1940.731 1906.992 1873.449 1839.678 1876.602 1859.88 1829.137 1769.915 1806.296 1704.01 1749.936 1752.864 1956.195 1938.118 1788.968 1901.123 1949.146 1938.113 1882.509 1873.46 1865.323 1831.509 1872.382 1807.679 
1871.361 1870.583 1913.986 1770.661 1820.251 1953.955 1915.107 1897.368 1973.734 1825.997 1873.542 1831.439 1939.228 1740.807 1798.98 1690.956 1743.908 1924.768 1839.606 1815.44 1926.823 1905.894 1927.528 1938.126 1795.727 1872.657 1787.813 1771.799 1770.068 1805.817 
2037.242 1807.718 1902.486 1883.166 1847.295 1937.576 1914.355 1836.552 1863.704 1885.581 1832.572 1864.644 1954.771 1798.066 1768.307 1742.399 1749.073 1840.988 1854.494 1934.067 1929.79 1968.203 1982.52 1861.428 1809.724 1909.878 1822.497 1790.933 1824.432 1762.614 
1915.03 1875.86 1923.856 1786.841 1943.842 1935.102 1953.494 1917.156 1893.583 1806.86 1872.114 1884.973 1820.613 1789.51 1844.789 1863.412 1718.595 1793.919 1898.401 1921.933 1924.841 1938.064 1932.34 1876.515 1926.29 1903.319 1802.452 1837.017 1844.113 1931.877 
1882.478 1856.276 1964.36 1865.259 1836.331 1898.823 1871.628 1905.24 1900.088 1915.025 1764.132 1919.864 1896.239 1755.582 1777.867 1908.729 1800.824 1802.622 1946.196 1838.417 1899.468 1918.389 1923.117 1955.523 1874.987 1838.934 1913.711 1867.815 1762.651 1747.566 
1938.628 1769.454 1920.7 1749.41 1906.915 1946.862 1969.707 1825.745 1869.577 1924.554 1916.28 1915.661 1859.754 1835.61 1789.611 1773.612 1793.964 1761.619 1891.184 1841.599 1984.74 1916.151 1829.21 1979.721 1866.942 1845.731 1912.368 1821.064 1753.201 1708.514 
1913.993 1828.182 1956.587 1825.344 1948.87 1909.119 1915.015 1875.772 1822.425 1909.596 1784.542 1766.316 1846.727 1718.793 1782.425 1942.919 1739.623 1828.64 1925.474 1819.114 1848.471 1861.154 1982.632 1890.677 1960.141 1861.074 1812.029 1882.862 1869.938 1686.04 
1830.833 1812.638 1766.282 1974.565 1870.138 1932.066 1846.883 1849.228 1923.478 1854.385 1817.215 1907.692 1830.772 1763.036 1845.115 1841.182 1794.552 1852.75 1998.506 1854.536 1932.652 1887.598 1889.559 1873.0 1971.615 1917.328 1882.232 1783.846 1791.486 1776.575 
1834.245 1909.58 1753.364 1756.855 1882.275 1853.388 1993.1 1855.353 1914.287 1801.311 1820.108 1913.995 1779.427 1782.325 1749.723 1748.309 1756.832 1791.073 1926.556 1907.135 1957.577 1852.427 1925.415 1975.579 1909.076 1788.624 1821.901 1821.466 1819.246 1770.329 
1870.327 1810.477 1897.542 1792.849 1898.342 1976.133 1879.562 1808.319 1916.19 1788.457 1808.132 1822.274 1803.1 1756.448 1760.778 1788.767 1769.762 1903.391 1847.321 1756.478 1873.983 1883.387 1981.953 1939.017 1920.354 1852.471 1852.131 1822.763 1782.664 1675.655 
1918.562 1848.063 1883.446 1850.831 1971.843 1911.322 1798.643 1883.584 1932.778 1841.377 1964.089 2001.248 1787.705 1756.338 1792.584 1724.513 1885.011 1718.368 1917.549 1771.229 1966.599 1930.722 2072.898 2066.188 1828.221 1824.901 1920.826 1853.742 1810.848 1895.928 
1875.902 1875.891 1898.728 1860.331 1975.007 1825.812 1961.776 1854.938 1875.88 1809.174 1908.588 1890.726 1990.356 1728.151 1771.243 1829.999 1762.128 1784.61 1962.793 1823.403 1968.567 1982.02 1888.524 2012.764 1862.18 1834.51 1943.763 1778.945 1839.789 1725.747 
1906.935 1855.627 1930.567 1846.204 1831.814 1836.916 1963.59 1914.163 1854.182 1879.123 1874.414 1972.358 1742.9 1886.167 1830.614 1834.247 1727.637 1811.232 1889.244 1867.786 1877.048 1862.9 1983.589 1923.69 1840.303 1843.674 1893.093 1881.262 1681.788 1774.918 
1952.188 1854.582 1850.56 1850.881 1894.301 1878.146 1951.428 1907.25 1872.873 1904.403 1871.644 1809.524 1786.088 1839.081 1761.261 1778.581 1862.548 1821.25 1858.575 1868.922 2003.463 1916.434 2086.427 1996.367 1945.932 1873.072 1805.489 1849.741 1737.375 1796.854 
1938.685 1869.944 1748.338 1832.014 1924.99 1932.54 1887.723 1982.204 1877.019 1904.817 1854.413 1887.861 1863.451 1852.324 1798.111 1781.965 1746.42 1851.06 1855.719 1894.562 1834.415 1858.512 1933.979 1964.777 1876.305 1933.843 1937.401 1873.842 1879.128 1766.824 
1883.072 1911.977 1843.458 1883.039 1939.468 2050.346 1962.754 1803.323 1818.26 1854.493 1834.741 1846.077 1958.289 1722.43 1904.718 1791.724 1739.316 1800.361 1900.018 1842.621 1932.302 1832.992 1898.556 1979.468 1908.443 1910.44 1759.137 1899.44 1727.575 1775.914 
1980.364 1843.439 1891.721 1927.275 1948.369 1932.583 1911.465 1832.262 1768.489 1882.48 1842.327 1864.189 1752.343 1876.251 1641.149 1740.219 1716.335 1786.252 1884.045 1913.179 1939.95 1802.665 2029.223 2038.711 1853.774 1748.903 1940.502 1825.853 1875.537 1742.819 
2093.41 1897.315 1950.244 1953.657 1876.086 1862.497 1802.95 1898.394 1830.218 1882.137 1906.125 1925.059 1905.599 1765.212 1762.437 1789.5 1669.682 1743.555 1824.911 1940.051 1926.838 1903.997 2017.22 1921.224 1863.85 1897.263 1855.354 1812.81 1806.903 1812.62 
1953.919 1898.88 1823.19 1798.958 1867.827 1965.298 1867.986 1804.436 1908.169 1846.284 1847.575 1867.725 1799.155 1793.144 1792.412 1869.111 1692.936 1856.255 1823.647 1888.696 1980.996 1874.015 1924.362 2006.291 1811.605 1830.46 1820.403 1826.186 1789.704 1814.706 
1959.388 1800.835 1947.007 1879.938 1960.879 1887.519 1952.426 1897.339 1846.677 1915.08 1814.979 1929.677 1972.544 1847.67 1735.28 1711.909 1769.658 1781.474 1851.853 1801.158 1800.931 1864.312 1926.274 2015.184 1872.649 1839.483 1847.375 1873.16 1802.379 1764.388 
1992.492 1891.009 2022.322 1827.185 1822.67 1903.342 1922.977 1905.428 1846.363 1854.418 1853.349 1984.119 1798.861 1790.654 1799.09 1768.773 1741.95 1786.189 1909.779 1873.589 1932.424 1933.067 1882.427 1840.459 1844.026 1883.006 1847.925 1764.098 1820.196 1747.686 
1875.039 1893.219 1887.664 1973.842 1944.528 1903.173 1866.456 1908.483 1944.9 1862.418 1873.69 1913.785 1832.068 1853.51 1802.218 1816.674 1759.202 1792.901 1917.349 1783.776 1925.476 1899.908 1843.2 1927.946 1885.24 1871.321 1807.893 1848.488 1856.545 1795.153 
1916.885 1947.017 2003.773 1894.686 1909.876 1775.175 1843.181 1884.51 1869.646 1883.22 1878.681 1915.404 1756.097 1843.427 1873.514 1727.702 1736.34 1761.943 1917.04 1915.726 1863.255 1882.787 2008.016 1926.052 1931.394 1902.759 1770.205 1906.548 1853.864 1817.619 
1967.733 1766.361 1922.834 1879.563 1904.197 1913.556 1805.02 1889.41 1870.265 1878.499 1879.767 1895.584 1915.091 1721.993 1735.289 1721.804 1733.98 1747.046 1900.015 1888.042 1901.224 1833.729 1932.425 1910.713 1807.866 1924.715 1773.998 1906.967 1823.305 1749.871 
1966.856 1823.578 1845.42 1868.454 1841.695 1964.61 1927.117 1751.529 1837.976 1989.467 1900.184 1935.744 1816.164 1830.992 1755.602 1813.546 1661.754 1869.057 1920.209 1837.435 1881.003 1888.11 1917.943 1893.147 1752.216 1820.529 1789.375 1860.226 1812.929 1746.77 
1940.963 1827.524 1994.85 1803.66 1786.472 2032.411 1890.684 1782.859 1878.84 1860.452 1685.695 1997.644 1865.631 1892.272 1854.565 1764.657 1703.466 1785.076 1920.994 1837.617 1882.737 1872.644 1951.783 1937.909 1932.989 1828.195 1886.08 1817.27 1802.157 1806.525 
1893.5 1969.77 1764.927 1989.63 1891.951 1950.125 1877.773 1870.885 1839.849 1803.703 1822.701 1970.459 1833.44 1870.135 1754.623 1708.407 1748.572 1881.368 1941.444 1887.645 1963.528 1915.073 1896.805 1849.669 1890.632 1945.691 1726.314 1783.251 1848.228 1785.436 
1959.912 1877.849 1825.599 1832.234 1933.751 1986.354 2024.973 1967.974 1869.209 1872.362 1913.759 1849.102 1864.136 1813.213 1697.333 1789.122 1755.47 1671.763 2008.455 1892.024 1861.407 1851.163 1914.101 1915.767 1702.23 1864.482 1832.865 1822.621 1826.668 1742.449 
1946.91 1889.289 1830.831 1763.386 1973.019 1929.062 1879.312 1848.05 1935.711 1819.557 1806.865 1919.505 1852.725 1676.074 1733.911 1870.339 1642.571 1881.68 1869.248 1919.034 1939.279 1976.919 1920.602 1895.454 1898.063 1775.003 1858.345 1786.16 1831.774 1732.083 
1899.897 1862.735 1858.184 1910.631 1941.456 1907.433 1974.712 1887.725 1778.989 1856.08 1893.124 1837.616 1773.012 1717.088 1793.128 1725.001 1732.824 1704.516 1878.56 1864.0 1918.136 1975.495 1991.302 1882.829 1869.096 1758.094 1801.081 1768.456 1897.223 1751.886 
1857.822 1811.526 2000.118 1971.064 1905.314 1864.927 1872.257 1935.024 1850.157 1852.119 1904.623 1896.182 1901.496 1773.956 1819.356 1801.935 1745.312 1786.012 1948.177 1937.288 1980.581 1832.568 1908.946 1879.484 1827.418 1820.776 1953.845 1864.804 1838.804 1805.654 
1867.643 1821.719 1896.386 1871.874 1873.102 1980.346 1823.989 1920.254 1803.376 1933.191 1822.284 1907.846 1799.882 1837.306 1741.698 1752.109 1742.381 1840.529 1918.596 1839.897 1897.489 1872.542 1929.447 1926.868 1757.71 1809.801 1862.088 1871.754 1828.88 1708.541 
1911.477 1916.352 1925.642 1856.052 1885.048 1998.959 1935.892 1897.236 1878.426 1782.643 1845.507 1989.425 1840.582 1879.888 1741.68 1802.056 1694.946 1863.647 1887.984 1830.934 1867.343 1817.843 1898.042 1848.188 1885.743 1824.158 1786.585 1902.506 1860.254 1742.106 
1961.856 1893.552 2039.002 1972.969 1802.967 1894.028 1783.957 1921.859 1923.578 1762.205 1906.206 1981.12 1788.831 1861.041 1747.371 1799.246 1728.977 1773.478 1868.884 1906.622 1980.7 1935.486 1987.638 1921.143 1751.218 1804.502 1806.375 1825.47 1780.321 1691.207 
2022.629 1827.519 1927.669 1933.029 1856.088 1911.855 1907.047 1799.007 1874.27 1828.896 1809.896 1902.715 1947.466 1774.492 1841.18 1724.508 1745.634 1773.423 1910.1 1864.015 1998.375 1844.446 1817.049 1855.347 1815.993 1860.854 1843.185 1823.199 1816.115 1787.61 
1991.818 1851.688 1924.067 1925.274 1862.241 1918.87 2082.206 1824.374 1871.756 1735.731 1853.955 1899.106 1773.91 1727.012 1844.476 1882.048 1681.717 1873.763 1924.633 1850.181 1945.037 1852.314 2049.125 1998.565 1934.215 1784.029 1833.145 1859.704 1813.169 1789.881 
2019.964 1765.628 1924.347 1917.448 1990.608 1932.938 1922.251 1911.988 1997.973 1870.511 1838.326 1839.697 1790.459 1740.527 1736.774 1776.078 1735.488 1757.622 2000.028 1942.536 2010.566 1809.549 1882.382 1905.763 1964.928 1903.467 1872.383 1901.976 1939.62 1758.788 
2012.242 1780.166 1869.93 1961.617 1934.516 1886.172 1936.649 1899.395 1865.914 1892.656 1792.449 1918.315 1855.312 1703.559 1805.707 1710.271 1804.787 1932.971 1932.681 1913.274 1903.583 1969.742 1933.957 1926.769 1814.979 1870.606 1817.937 1875.587 1867.57 1803.399 
1938.928 1879.199 1941.903 1829.119 1998.071 1807.303 1854.69 1863.158 1843.243 1774.025 1873.718 1788.144 1906.923 1768.061 1737.486 1786.874 1729.511 1730.707 1998.011 1816.451 1961.816 1897.68 1931.754 1917.191 1854.543 1853.748 1802.067 1773.662 1820.396 1798.328 
2007.132 1812.497 1918.571 1924.248 1856.067 1957.738 1917.182 1838.421 1886.845 1818.836 1884.422 1927.312 1938.081 1734.002 1707.931 1842.391 1704.625 1797.58 1833.45 1824.152 1920.484 1916.001 1877.758 1935.832 1817.792 1859.355 1916.043 1762.165 1732.422 1827.663 
1969.823 1923.371 1845.831 1862.441 2051.314 1880.644 1867.63 1726.068 1878.377 1896.243 1849.015 1831.987 1726.82 1756.778 1880.532 1729.315 1706.709 1830.433 1955.151 1913.156 1875.419 1827.474 1982.319 1966.798 1866.158 1781.128 1819.73 1769.072 1762.48 1802.578 
1923.696 1803.724 1931.365 1952.094 1865.438 1920.718 1818.633 1858.403 1839.281 1819.933 1889.61 1887.638 1838.361 1801.179 1674.661 1858.764 1701.695 1747.971 1891.161 1837.087 1898.566 1840.839 1907.23 1874.489 1842.836 1898.296 1945.892 1795.841 1830.12 1805.464 
1935.199 1865.683 1832.914 1859.741 1981.158 1890.994 1820.548 1806.547 1825.009 1894.671 1847.613 1899.618 1886.065 1820.368 1696.101 1882.321 1745.202 1784.152 1871.796 1874.995 1867.303 1941.994 1951.77 1942.02 1975.178 1883.685 1848.931 1725.795 1709.498 1806.814 
1901.32 1956.062 1888.645 1899.023 1735.084 1994.224 1918.507 1871.525 1929.923 1775.569 1865.212 1889.245 1949.122 1800.77 1802.467 1766.462 1697.687 1790.78 1820.7 1753.849 1867.536 1838.458 1873.214 1962.914 1832.28 1929.377 1978.476 1872.067 1875.49 1695.471 
1893.735 1888.707 1956.069 1915.481 1918.811 1915.232 1906.406 1879.608 1807.473 1801.551 1884.865 1872.856 1767.61 1669.248 1802.434 1821.457 1758.273 1807.333 2034.483 1877.701 1994.053 1925.659 1856.971 1867.75 1902.6 1879.109 1843.616 1844.428 1823.096 1709.064 
1855.339 1846.214 1966.446 1863.306 1897.132 1933.377 1846.824 1821.273 1959.162 1838.731 1994.037 1884.957 1850.298 1864.547 1596.204 1694.42 1644.627 1752.897 1926.249 1848.486 1938.319 1877.758 1920.062 1902.085 1860.214 1899.068 1902.714 1847.648 1799.075 1731.974 
1796.449 1911.267 1881.709 1821.711 1900.092 1862.758 1835.317 1944.598 1826.234 1837.724 1917.209 1862.143 1845.361 1716.4 1859.026 1715.591 1781.683 1829.885 2014.585 1926.807 1823.794 1741.612 1880.627 1810.335 1927.07 1855.312 1842.386 1693.995 1908.38 1709.793 
1899.779 1843.078 1826.338 1863.307 1884.252 1878.291 1765.913 1777.017 1846.181 1858.852 1838.537 1924.609 1858.569 1877.953 1842.117 1809.022 1721.155 1745.347 1931.649 1955.38 1947.545 1835.113 1895.59 1857.554 1797.632 1883.094 1859.103 1876.624 1727.164 1805.793 
1908.497 1825.247 1891.714 1865.613 1937.291 1868.232 1832.991 1915.938 1795.267 1815.104 1893.628 2003.77 1940.49 1801.313 1773.337 1806.464 1781.555 1674.646 1826.588 1814.423 1888.681 1931.156 2049.614 1964.476 1880.565 1850.706 1842.083 1819.986 1855.931 1751.491 
1842.74 1875.294 1832.967 1833.641 1906.688 1804.341 1926.162 1878.376 1759.562 1825.449 1802.414 2031.402 1841.829 1781.759 1787.074 1872.974 1689.459 1670.664 1858.598 1795.925 1811.662 1923.539 1959.963 2003.296 1819.852 1836.885 1814.008 1882.558 1785.341 1705.923 
1888.624 1848.996 1939.66 1795.102 1822.209 1850.311 1892.449 1896.855 1817.609 1920.297 1890.529 1832.108 1903.406 1789.088 1637.944 1835.299 1788.443 1797.758 1941.537 1886.212 1950.268 1903.751 1822.953 1971.723 1813.832 1815.489 1860.424 1875.829 1808.348 1799.871 
1877.399 1738.098 1886.987 1788.926 1874.32 1831.437 1940.515 1895.122 1860.928 1846.08 1851.629 2061.509 1914.528 1819.169 1810.831 1783.539 1775.244 1777.679 1803.642 1857.954 1909.212 1815.61 1899.348 1925.097 1808.782 1911.701 1943.429 1716.656 1777.454 1793.839 
1885.232 1897.068 1940.118 1963.427 1926.208 1935.186 1925.238 1854.496 1841.209 1892.79 1815.668 1985.87 1872.92 1806.1 1787.872 1824.85 1812.101 1766.638 1943.695 1926.21 1907.353 1824.602 2007.179 1812.702 1921.253 1817.859 1853.724 1750.89 1843.863 1783.248 
2005.304 1962.426 1942.542 1909.316 1885.623 1993.994 1996.765 1926.273 1859.453 1778.086 1791.401 1899.526 1832.819 1869.149 1789.854 1834.595 1849.188 1721.037 1964.635 1947.477 1918.871 1908.368 1977.539 1907.325 1812.996 1784.007 1959.891 1860.223 1733.199 1765.337 
1861.711 1807.927 1848.145 1926.865 1902.149 1969.601 1872.301 1912.492 1872.268 1857.216 1811.232 1911.569 1840.735 1799.79 1743.978 1743.969 1722.082 1751.467 1910.521 1921.779 1880.967 1829.972 1967.787 1933.644 1885.409 1798.91 1866.795 1860.678 1803.162 1677.801 
2033.859 1935.145 1951.782 1844.261 1980.332 1933.123 2022.227 1890.933 1862.759 1910.499 1807.192 1855.613 1879.891 1794.039 1726.76 1774.148 1706.388 1768.926 1995.145 1883.792 1847.769 1883.252 1853.804 1969.741 1887.697 1866.237 1833.56 1830.159 1760.506 1948.679 
1854.816 1835.753 1912.669 1799.17 1951.208 2011.546 1976.929 1797.073 1918.0 1842.982 1744.917 1958.985 1787.759 1742.438 1820.541 1798.96 1764.813 1801.237 1868.929 1812.338 1799.661 1894.148 1891.771 1976.357 1868.355 1942.336 1944.955 1846.757 1800.972 1838.021 
1851.946 1818.685 1898.326 1942.584 1961.183 1854.719 1894.455 1786.094 1899.822 1870.747 1839.292 1911.86 1808.734 1715.007 1681.971 1714.791 1683.361 1813.966 2008.461 1797.461 1982.605 1911.163 1985.444 1894.256 1935.576 1954.515 1914.683 1812.1 1883.668 1766.411 
1917.589 1921.728 1847.296 1852.805 1801.991 1873.494 1881.457 1909.23 1797.418 1838.315 1753.81 1901.345 1919.39 1732.789 1696.48 1790.719 1736.722 1821.825 1831.052 1739.839 1919.432 1876.617 1948.353 1920.339 1893.132 1940.79 1725.35 1688.289 1874.616 1815.492 
1987.856 1786.916 2032.51 1814.452 1785.993 1936.469 1849.083 1849.269 1863.333 1859.999 1945.233 1795.737 1811.145 1716.337 1789.54 1856.659 1750.535 1766.897 2049.372 1957.689 1970.546 1850.111 1828.424 1830.137 2009.247 1832.702 1804.663 1920.479 1791.248 1744.838 
1986.832 1904.118 1876.233 1795.687 1890.891 1838.387 1892.921 1809.169 1830.966 1931.231 1831.739 1930.405 1871.41 1695.484 1789.048 1778.394 1858.261 1797.876 1855.839 1884.74 1865.348 1828.125 2007.074 1919.406 1765.282 1918.754 1837.383 1850.059 1723.44 1792.678 
1851.695 1907.038 1775.668 1873.826 1843.629 1900.513 1933.123 1869.38 1793.628 1840.838 1879.449 1823.269 1784.653 1750.76 1807.526 1891.639 1715.381 1735.362 1864.068 1817.37 1890.562 1811.367 1932.052 1984.929 1834.085 1769.452 1895.447 1854.32 1821.843 1912.032 
1902.937 1829.48 1851.706 1867.177 1779.862 1934.414 1917.433 1867.821 1956.879 1782.116 1831.408 1970.723 1778.639 1711.256 1747.493 1732.807 1682.474 1699.234 1923.718 1907.296 1927.501 1842.317 1977.977 1947.921 1772.481 1766.222 1852.275 1677.706 1816.818 1829.841 
2025.436 1784.192 1837.875 1888.827 1803.006 1864.198 1838.68 1788.7 1918.686 1787.062 1848.088 1829.286 1823.342 1835.253 1835.741 1645.378 1806.222 1751.108 1961.149 1914.383 1897.996 1842.153 1921.021 2068.317 1841.598 1835.428 1773.737 1676.514 1761.076 1843.79 
1931.999 1847.247 1918.442 1785.152 1971.062 1851.488 1800.18 1878.423 1922.16 1882.046 1910.703 1940.452 1992.859 1805.349 1744.736 1927.9 1608.649 1747.49 1945.638 1832.55 1915.952 1943.054 1854.773 1974.538 1817.228 1840.885 1895.925 1858.998 1725.719 1750.386 
1789.073 1951.846 1912.934 1971.762 1889.169 1949.6 1936.93 1903.001 1865.211 1830.304 1851.263 1933.94 1891.59 1742.739 1674.001 1776.005 1706.225 1867.593 1866.785 1799.725 1861.843 1808.746 1879.535 1845.326 1877.261 1843.749 1872.653 1743.882 1896.883 1843.259 
2005.527 1902.734 1905.98 1905.313 1851.818 1769.941 1901.196 1771.918 1895.126 1841.754 1781.827 1948.884 1912.786 1828.449 1694.727 1812.31 1794.158 1816.85 1804.481 1762.915 1912.505 1894.072 1848.155 2026.161 1806.506 1943.157 1809.649 1900.818 1825.36 1881.591 
1889.538 1905.059 1891.803 1869.594 1917.985 1873.382 1903.027 1943.231 1787.87 1848.134 1758.461 1910.587 1875.216 1783.729 1750.738 1876.007 1713.319 1741.475 1888.778 1849.059 1847.845 1855.153 1902.828 1895.622 1985.166 1958.153 1810.591 1854.019 1933.36 1777.86 
2035.866 1846.846 1779.303 1989.803 1899.881 2017.635 1818.204 1938.792 1756.379 1883.077 1880.407 1939.314 1781.434 1857.409 1805.148 1769.485 1684.666 1921.238 1891.896 1836.359 1835.38 1895.595 1916.817 1914.951 1843.34 1856.333 1796.508 1921.089 1769.434 1778.597 
1943.276 1886.03 1864.959 1985.336 1899.886 1946.423 1947.008 1867.324 1921.812 1773.734 1811.537 1967.228 1872.679 1796.853 1763.618 1771.405 1729.265 1851.6 1967.926 1825.023 2000.34 1921.119 1982.516 1989.632 1797.075 1844.132 1825.571 1742.091 1872.103 1781.878 
1981.852 1836.015 1883.476 1801.46 1890.232 1875.783 1777.221 1892.099 1808.284 1867.178 1932.069 1858.308 1863.693 1821.288 1776.645 1800.128 1703.044 1801.898 2021.612 1843.539 1836.094 1872.162 1832.921 1878.035 1909.144 1828.457 1880.811 1765.438 1787.697 1925.167 
1868.377 1853.196 1881.077 1878.584 1914.762 2007.702 1859.559 1815.036 1922.424 1823.76 1887.785 1963.732 1906.242 1815.696 1856.821 1725.178 1718.184 1842.217 1885.533 1785.355 1985.123 1948.116 1929.453 1925.302 1853.805 1923.365 1852.383 1800.37 1866.671 1810.508 
1876.24 1880.427 2017.68 1937.032 1838.726 1878.072 1940.699 1824.701 1960.071 1815.767 1804.08 1912.234 1848.333 1744.748 1769.078 1791.016 1756.078 1843.069 1920.209 1792.612 1882.146 1787.468 2066.676 1884.387 1858.591 1904.825 1819.921 1775.55 1742.36 1779.608 
1954.971 1833.24 1991.919 1841.452 1848.503 1858.231 1858.19 1816.628 1777.041 1787.247 1848.777 1964.436 1762.974 1773.733 1702.207 1799.565 1839.054 1749.851 1892.277 1939.648 1982.221 1931.196 1829.904 1939.071 1816.689 1815.093 1803.82 1863.097 1673.039 1683.425 
1886.82 1841.494 1924.105 1821.778 2033.856 1925.576 1983.743 1933.62 1938.995 1865.121 1907.666 1901.201 1973.66 1806.6 1707.597 1710.937 1690.433 1746.444 1911.942 1830.217 2046.326 1945.501 1892.99 2028.918 1943.574 1850.436 1790.03 1852.996 1865.66 1865.107 
1882.261 1838.014 1884.933 1899.415 1874.184 1868.285 1859.829 1910.497 1794.082 1850.62 1889.088 1955.596 1865.387 1751.616 1832.385 1873.709 1698.596 1827.695 2023.007 1825.02 1883.678 1940.156 1942.474 1897.764 1860.888 1871.818 1912.293 1759.194 1754.293 1799.143 
1969.73 1821.318 1815.458 1884.797 1816.531 1941.194 1950.922 1887.334 1967.134 1956.639 1873.43 1842.99 1900.961 1753.748 1798.055 1757.045 1745.452 1911.877 1961.184 1971.616 1874.805 1774.946 2018.783 1944.513 1844.31 1831.613 1807.264 1950.226 1772.648 1864.853 
2028.519 1727.259 1816.232 1722.835 1937.427 2007.306 1961.602 1856.989 1971.834 1861.946 1870.145 1914.223 1766.028 1763.48 1722.657 1833.633 1795.005 1806.575 1899.09 1901.381 1991.195 1895.139 1912.732 1952.034 1919.86 1853.48 1892.131 1798.574 1792.944 1729.995 
1976.144 1952.081 1886.125 1876.017 1905.239 1835.048 2043.145 1889.628 1814.228 1867.607 1873.863 1908.39 1865.066 1761.277 1712.246 1858.208 1710.216 1787.26 2026.759 1915.324 1976.109 1850.909 1808.687 1964.461 1833.591 1813.587 1851.343 1850.747 1798.015 1860.728 
1889.925 1928.335 1909.695 1950.971 1910.997 1906.023 1838.642 1903.358 1828.292 1939.142 1757.598 1873.366 1885.984 1778.171 1739.467 1832.676 1723.266 1687.921 1854.753 1840.595 1975.644 1869.319 1924.062 1962.93 1772.036 1943.027 1841.852 1835.172 1765.825 1823.627 
1986.211 1774.486 1976.537 1893.606 1997.742 1993.454 1865.928 1867.911 1908.784 1778.277 1798.438 1980.453 1803.11 1842.902 1743.39 1886.112 1738.982 1685.977 2024.812 1877.826 1899.442 1848.694 1889.337 1887.874 2008.418 1748.058 1797.306 1807.811 1793.594 1822.043 
1857.739 1828.757 1855.898 1969.539 1888.864 1833.184 1869.988 1827.7 1827.096 1938.843 1781.6 1871.62 1881.131 1729.56 1839.495 1811.469 1727.898 1769.926 1963.086 1849.446 1879.235 1800.691 1926.908 1964.249 1910.65 1776.209 1780.769 1814.358 1769.347 1864.54 
1818.853 1834.012 1904.11 1908.897 1743.781 1954.684 1953.564 1815.757 1950.509 1852.483 1866.825 1938.782 1781.925 1779.509 1783.659 1769.452 1666.37 1765.282 1926.33 1778.246 1833.61 1912.344 1948.189 1931.678 1846.245 1779.233 1886.051 1840.447 1873.561 1732.137 
1881.832 1782.055 1873.345 1953.536 1908.009 1925.343 1895.064 1808.066 1875.23 1869.914 1798.788 1868.097 1892.233 1738.277 1875.085 1837.645 1814.107 1813.11 1914.931 1903.883 1965.208 1927.044 2020.365 1928.342 1937.014 1857.525 1882.662 1770.049 1808.885 1753.408 
1945.058 1721.218 1919.329 1970.768 1925.902 1903.126 1754.113 1865.56 1957.255 1921.474 1904.44 1954.252 1808.62 1794.145 1764.448 1860.561 1721.457 1921.467 1809.085 1841.405 1938.771 1990.709 1962.299 1951.626 1905.901 1807.782 1942.993 1791.799 1737.252 1674.387 
1940.197 1810.762 1830.182 1891.994 1904.641 1844.578 1830.046 1866.654 1817.565 1835.612 1855.095 1902.305 1931.311 1753.302 1685.557 1856.531 1755.07 1859.325 1966.831 1788.884 1917.139 1819.958 1988.595 1913.824 1824.578 1882.64 1760.068 1766.376 1795.619 1836.879 
1978.042 1828.389 1903.833 1912.049 1810.007 1910.044 1839.325 1931.592 1874.216 1918.525 1865.945 1965.716 1890.941 1829.041 1724.292 1775.967 1752.957 1784.907 1976.567 1731.62 1960.07 1954.737 1941.968 1938.52 1761.387 1866.32 1764.899 1838.376 1780.578 1795.089 
1824.713 1951.53 1939.383 1898.257 1947.757 1983.903 1923.549 1802.075 1811.629 1773.499 1855.027 1960.001 1932.428 1790.024 1696.392 1742.98 1721.28 1671.152 1723.535 1789.125 1918.702 1925.337 1869.839 1908.234 1881.705 1778.213 1881.305 1743.705 1786.184 1725.266 
1992.884 1851.384 1911.906 1854.215 1915.388 1920.502 1858.268 1905.836 1941.381 1773.803 1741.867 1826.633 1869.831 1831.843 1784.817 1917.348 1756.829 1749.432 1910.147 1833.641 1856.023 2022.806 1931.096 1936.64 1920.097 1768.284 1904.169 1890.351 1821.758 1731.808 
2109.292 1790.67 1975.519 1952.057 1933.584 1925.379 1926.131 1964.853 1842.636 1784.281 1873.839 1966.904 1746.012 1896.87 1735.163 1839.282 1661.202 1820.667 1883.075 1772.871 1975.59 1965.006 1973.646 1916.786 1839.365 1915.548 1826.347 1723.33 1800.127 1748.172 
1908.741 1803.87 1913.47 1908.366 1861.445 1810.174 1904.365 1943.694 1933.52 1874.77 1896.938 2004.21 1909.559 1765.671 1787.286 1827.881 1646.968 1775.42 1871.243 1785.566 1999.622 1979.537 1951.42 1964.983 1888.538 1806.194 1757.87 1809.904 1704.583 1775.787 
1897.319 1836.825 1897.673 1892.896 2012.286 1933.698 1959.718 1852.09 1871.495 1858.212 1902.642 1974.23 1884.478 1818.991 1772.926 1770.104 1701.592 1800.537 1869.91 1866.486 1955.943 1853.999 1806.845 2021.464 1788.806 1901.563 1806.146 1793.9 1853.912 1816.157 
1804.686 1880.859 1860.634 1928.807 1913.056 1899.521 1865.928 1835.753 1929.68 1878.937 1773.456 1912.126 1907.37 1760.211 1736.078 1674.363 1739.683 1745.369 1853.178 1804.376 1865.27 1923.454 1797.58 1951.453 1788.15 1986.794 1843.187 1741.742 1809.689 1700.673 
1938.6 1929.158 2006.692 1909.959 1861.945 1898.379 1959.274 1940.83 1992.517 1820.789 2013.046 1956.468 1873.89 1815.584 1770.38 1790.098 1772.359 1728.913 1949.405 1852.464 1900.783 1832.263 1910.062 1814.674 1900.027 1835.43 1723.859 1818.025 1726.486 1773.431 
1954.196 1827.343 1753.906 1856.662 1990.429 1947.07 1816.721 1926.023 1876.13 1876.679 1805.796 1808.124 2017.546 1768.467 1685.611 1842.305 1729.235 1776.357 1987.52 1837.811 1875.168 1922.656 1890.18 1996.465 1830.495 1818.033 1797.928 1879.927 1733.161 1806.886 
1927.214 1809.175 1927.7 1885.06 1897.228 1868.094 1937.096 1875.591 1870.343 1855.919 1793.425 1811.799 1876.62 1900.051 1735.55 1779.213 1779.112 1853.239 1990.609 1921.527 1978.573 1871.929 2006.911 1934.619 1949.49 1807.584 1800.12 1790.368 1720.773 1769.836 
1874.014 1807.09 1889.089 1866.68 1829.622 1912.232 1950.315 1891.04 1910.939 1814.496 1806.291 1878.615 1850.251 1808.407 1747.794 1816.087 1613.717 1771.632 1883.133 1786.665 1924.138 1857.709 1943.048 1898.82 1752.043 1800.355 1814.588 1859.581 1773.285 1830.246 
1967.577 1770.154 1859.976 1864.115 1850.032 1996.349 1894.423 1888.91 1827.955 1906.692 1918.465 1896.83 1836.465 1931.642 1777.641 1797.377 1771.936 1807.99 1881.772 1793.065 1936.071 1986.259 1998.821 1952.507 1866.211 1855.943 1797.401 1856.687 1776.685 1866.869 
2005.487 1779.186 2026.627 1746.585 1943.545 1946.456 1860.209 1821.524 1929.919 1860.792 1855.642 1935.49 1849.403 1831.17 1786.911 1786.189 1687.073 1797.955 1861.835 1926.188 1981.25 1946.942 1974.684 1987.165 1817.952 1781.97 1915.66 1748.768 1817.572 1722.151 
1970.779 1822.044 1868.242 1920.237 1872.888 1905.95 1850.567 1887.774 1901.505 1651.06 1783.674 1871.838 1947.885 1796.304 1814.746 1850.352 1829.969 1740.29 1902.746 1801.207 1917.947 1949.179 1967.689 1926.672 1750.544 1886.208 1844.433 1796.935 1707.481 1823.981 
1892.499 1817.043 1891.62 1883.866 1978.948 2044.156 1862.627 1856.57 1945.36 1911.947 1777.3 1906.473 1835.31 1835.17 1735.439 1826.106 1815.491 1875.572 1940.005 1882.425 1807.768 1941.453 1863.605 1904.059 1903.955 1792.506 1984.819 1772.779 1812.458 1787.281 
1919.794 1973.338 1938.479 1965.853 1850.606 2052.172 1821.317 1820.497 1785.869 1733.467 1864.321 1945.442 1896.696 1804.862 1808.377 1726.94 1675.465 1731.416 1964.09 1900.988 1826.402 2032.382 1988.101 2002.18 1801.261 1797.268 1850.314 1786.845 1840.701 1649.666 
1912.329 1976.411 1885.386 1883.068 1925.943 1980.141 1873.449 1898.244 1851.76 1763.761 1837.785 1869.189 1814.57 1773.454 1882.949 1732.969 1636.71 1783.508 1960.244 1842.085 1897.235 1872.663 1842.767 1901.587 1825.164 1895.314 1859.754 1859.905 1873.386 1787.834 
2058.255 1869.179 1910.131 2041.656 1858.198 1826.404 1861.934 1917.929 1893.091 1943.795 1771.671 1881.176 1826.069 1909.514 1792.571 1854.935 1749.327 1776.542 1936.856 1867.045 1921.153 1848.592 1968.742 2064.455 1848.537 1790.464 1794.13 1652.197 1870.435 1785.342 
1941.87 1812.25 1934.353 1882.893 1920.091 1866.932 2001.689 1836.039 1837.388 1946.52 1933.644 1867.19 1851.974 1809.385 1725.804 1907.722 1780.047 1722.133 1901.196 1962.057 1887.949 1787.453 1959.361 1907.53 1826.832 1799.718 1900.98 1821.567 1778.581 1763.883 
1853.899 1912.773 1976.897 1785.586 1913.932 1926.52 1873.483 1958.933 1814.004 1764.898 1845.087 1847.465 1890.968 1798.662 1690.912 1766.058 1786.088 1793.919 1873.689 1829.585 1983.06 1868.388 1888.656 1900.692 1783.429 1898.038 1877.362 1850.992 1809.091 1838.161 
1915.828 1840.243 1929.823 1791.63 1855.683 1876.81 1908.316 1762.99 1807.298 1902.86 1745.125 1971.459 1834.507 1866.096 1749.738 1775.746 1740.767 1736.707 1861.393 1822.593 1887.829 1934.242 1946.68 1957.858 1880.951 1875.36 1754.777 1812.927 1701.608 1823.783 
1906.057 1870.599 1832.986 1988.599 1885.265 1978.583 1908.296 1849.862 1821.401 1879.186 1787.504 1947.683 1821.575 1818.722 1791.724 1886.085 1691.302 1816.727 1847.963 1843.482 1856.424 1960.683 1990.621 1868.692 1858.357 1863.895 1886.047 1790.676 1914.097 1792.108 
1962.006 1802.633 1917.567 1829.033 1858.651 1858.648 1969.475 1985.942 1932.692 1834.641 1940.265 1814.927 1830.741 1804.621 1724.756 1860.242 1675.303 1702.32 1940.877 1830.563 1961.632 2015.349 1874.239 1910.921 1801.554 1806.8 1954.731 1840.38 1795.256 1765.877 
1912.197 1912.073 1732.97 1853.021 1959.001 1869.736 1930.16 1886.635 1863.515 1834.57 1848.652 1913.464 1798.523 1789.863 1781.922 1827.758 1727.49 1822.697 1962.002 1895.075 1927.235 1972.524 1969.679 1923.58 1825.887 1889.58 1777.251 1881.684 1720.131 1726.22 
1854.289 1856.449 1861.857 1868.124 1803.185 1842.414 1831.161 1821.558 1951.258 1878.29 1909.826 1876.2 1760.083 1732.694 1704.442 1800.7 1771.058 1841.003 1840.631 1871.342 1963.044 1956.184 1816.804 1964.348 1837.801 1844.364 1867.143 1822.873 1842.524 1666.64 
1899.351 1835.472 2020.263 1896.627 1838.187 1821.808 1823.585 1934.126 1898.697 1759.577 1810.384 1884.728 1815.447 1838.986 1727.11 1792.216 1803.511 1819.92 1897.151 1847.153 1894.011 1906.002 1861.122 1910.736 1917.659 1843.575 1839.395 1759.574 1824.882 1808.478 
1948.124 1886.233 1910.455 1805.217 1891.029 1944.485 1840.918 1836.086 1955.855 1895.06 1761.285 1837.085 1780.357 1856.681 1687.278 1777.978 1802.644 1715.224 1949.091 1834.689 1877.3 1822.549 1837.071 1840.424 1789.406 1877.072 1835.415 1844.237 1883.79 1753.379 
1894.821 1902.516 1862.755 1943.459 1972.331 1961.446 1943.109 1932.735 1841.868 1810.686 1929.994 1985.2 1937.07 1760.859 1863.143 1811.461 1787.319 1751.743 1931.365 1878.421 1940.66 1840.833 2021.342 2013.612 1930.465 1895.221 1975.059 1923.959 1778.055 1783.478 
1931.039 1801.853 1819.733 1796.308 1885.812 1981.348 1928.579 1861.183 1905.402 1833.277 1917.315 1910.274 1858.656 1730.151 1824.082 1853.298 1747.912 1744.172 1937.384 1831.424 1968.742 1865.483 1921.944 1865.277 1882.683 1925.617 1836.104 1861.905 1701.144 1688.494 
1805.302 1881.424 1950.922 1906.6 1914.764 1868.288 1852.697 1868.047 1807.491 1721.872 1847.692 1896.899 1786.808 1702.692 1785.725 1732.89 1607.09 1862.188 1932.661 1812.565 1853.565 1765.829 1990.33 2067.522 1734.903 1908.307 1929.179 1790.517 1752.225 1784.856 
1857.3 1842.686 1829.502 1957.061 1970.399 1834.92 1966.016 1975.096 1930.114 1906.545 1888.545 1903.237 1763.42 1821.942 1844.212 1696.006 1785.746 1718.737 2014.624 1833.259 1971.67 1919.487 1949.017 1878.257 1887.337 1890.266 1876.217 1850.724 1787.674 1773.24 
1955.09 1818.383 1802.592 1796.023 1908.829 1836.806 1836.94 1962.812 1875.816 1946.145 1906.565 1786.038 1909.178 1854.74 1809.775 1805.014 1858.034 1649.151 1852.225 1753.912 1901.525 2020.629 2031.109 1886.543 1826.255 1834.14 1780.791 1724.297 1825.041 1795.503 
1875.968 1845.014 1827.536 1841.158 1890.078 1833.266 1921.159 1896.211 1910.555 1770.7 1882.442 1877.342 1888.852 1876.481 1714.715 1844.854 1682.195 1862.276 1847.527 1806.149 2009.995 1891.018 2042.204 1952.387 1751.683 1873.207 1755.728 1836.677 1791.034 1782.726 
1952.242 1888.946 1866.477 1906.848 1837.478 1888.536 1950.251 1848.298 1865.021 1883.95 1761.397 1891.368 1837.933 1798.105 1798.896 1859.065 1728.409 1715.368 1873.853 1720.115 1975.113 1935.387 1883.931 1960.842 2014.918 1783.682 1736.07 1860.968 1772.655 1661.079 
2026.164 1885.055 1886.165 1854.298 1903.932 1977.91 1970.551 1827.497 1848.211 1875.771 1856.01 1949.189 1869.687 1745.612 1694.26 1928.361 1765.08 1687.001 1874.584 1883.447 1899.272 1866.064 2038.66 1937.126 1795.838 1884.562 1898.188 1670.987 1800.263 1673.925 
1933.92 1858.819 1923.798 1878.715 1921.204 1797.345 1820.104 1859.09 1776.201 1806.775 1850.764 1965.366 1739.273 1857.062 1705.28 1855.16 1622.896 1769.319 1824.095 1850.919 1963.542 1851.926 1827.706 1826.258 1879.232 1833.366 1782.52 1859.811 1843.984 1797.033 
1943.654 1889.017 1815.415 1907.245 1932.957 1917.988 1816.985 1885.103 1921.535 1903.715 1723.91 1987.493 1757.311 1738.438 1818.004 1817.891 1705.629 1755.168 1952.814 1854.51 1857.32 1896.619 2040.508 1807.21 1786.93 1901.625 1782.03 1785.398 1695.518 1826.274 
1898.191 1794.126 1883.694 1925.391 1935.121 1933.663 1928.056 1848.113 1861.219 1859.114 1856.451 1937.47 1863.973 1886.847 1811.666 1877.488 1826.908 1732.234 1831.286 1822.592 1987.636 1874.538 1876.529 1934.475 1773.643 1948.845 1854.362 1864.57 1878.427 1769.344 
1872.75 1892.372 1890.142 1864.798 1862.163 1834.815 1851.189 1843.379 1884.165 1857.917 1884.716 1859.397 1835.786 1816.011 1711.54 1835.996 1688.165 1797.823 1964.333 1807.056 1947.245 1888.079 1997.076 1985.414 1719.931 1850.565 1765.751 1849.007 1893.652 1811.262 
1904.955 1827.985 1847.591 1931.154 1854.375 1822.196 1967.575 2001.767 1866.473 1796.999 1887.62 1990.166 1861.462 1852.321 1742.483 1747.614 1660.335 1780.173 1980.369 1907.681 1924.533 1929.036 1892.16 2010.76 1895.815 1898.674 1788.107 1868.889 1871.704 1767.5 
1992.453 1855.891 1877.09 1875.112 1837.694 1925.286 1856.594 1922.137 1921.007 1858.848 1768.747 1927.606 1899.936 1807.726 1730.161 1827.04 1753.026 1799.583 1882.102 1916.521 1999.842 1879.107 1928.621 1910.162 1910.517 1832.075 1857.388 1836.162 1897.171 1729.102 
1880.341 1872.563 1929.71 1825.585 1886.7 1888.11 1849.957 1858.228 1849.547 1887.624 1781.709 1895.429 1819.919 1844.8 1859.189 1881.317 1702.211 1784.234 1833.979 1859.743 1900.413 1911.936 1912.072 1984.754 1889.535 1910.139 1834.839 1831.826 1783.981 1721.659 
1935.705 1893.598 1746.625 1843.383 1993.116 1835.404 1991.013 1890.429 1964.172 1790.163 1798.773 1893.053 1895.309 1805.98 1698.277 1822.812 1802.975 1734.03 1843.986 1795.779 1904.052 1956.576 1895.408 1977.399 1892.17 1850.471 1900.155 1819.816 1862.27 1754.146 
1837.315 1837.509 1853.875 1930.933 1762.743 1992.85 1950.868 1908.697 1963.124 1746.042 1861.603 1979.663 1783.002 1855.337 1823.175 1787.014 1724.766 1788.056 1933.298 1855.755 1998.771 1847.238 2003.205 1887.438 1878.237 1905.084 1878.824 1822.55 1723.527 1781.207 
1881.952 1816.089 1918.135 1788.516 1909.979 1864.947 1862.748 1922.462 1888.735 1864.099 1898.305 1919.833 1860.14 1811.833 1745.758 1805.338 1749.365 1775.927 1981.362 1930.403 1936.556 1976.955 1897.496 1912.217 1933.61 1864.767 1834.248 1880.999 1815.758 1833.08 
2009.162 1822.231 1853.119 1922.507 1798.317 2000.27 1935.095 1836.25 1796.602 1821.521 1814.83 1915.877 1917.827 1839.557 1693.203 1773.381 1700.858 1758.719 1971.219 1878.401 1853.052 1862.704 1930.263 1969.014 1830.046 1893.388 1791.677 1825.46 1755.094 1816.827 
1936.572 1833.257 1843.28 1903.706 1960.542 1871.076 1921.191 1858.596 1941.454 1889.776 1852.089 1942.436 1943.691 1806.032 1841.14 1881.5 1764.862 1691.793 1996.082 1840.005 1812.875 1844.684 1958.213 1959.519 1899.445 1845.123 1827.334 1770.368 1759.994 1894.346 
2001.194 1795.726 1987.146 1875.277 2015.974 1985.782 1897.156 1932.612 1972.503 1964.547 1798.209 1944.559 1848.378 1699.71 1651.759 1825.653 1823.323 1735.954 1892.375 1807.72 1880.384 2005.647 1939.391 1991.488 1813.39 1896.993 1833.26 1830.92 1815.725 1823.916 
1871.764 1919.368 1785.111 1801.226 1863.164 1979.919 1951.867 1813.487 1890.465 1819.739 1834.487 1894.364 1844.783 1898.682 1735.029 1866.001 1661.093 1788.513 1921.078 1876.294 1909.229 1878.629 1978.114 1953.245 1937.186 1895.974 1944.572 1823.626 1763.294 1700.365 
1986.749 1931.994 1858.713 1941.247 1851.862 1975.023 1883.941 1858.687 1865.892 1847.419 1792.48 1827.933 1938.795 1799.339 1758.969 1739.527 1713.236 1824.889 1976.452 1900.433 1859.837 1879.626 1871.701 1831.767 1940.486 1834.498 1799.148 1880.232 1796.957 1778.392 
1823.595 1869.417 1891.147 1983.889 1924.572 1955.062 1912.348 1910.94 1910.181 1832.447 1941.268 1880.547 1836.413 1790.927 1785.418 1797.472 1818.305 1764.955 1938.323 1799.365 1907.91 1885.486 1917.905 1917.883 1802.5 1928.937 1801.179 1717.338 1862.342 1809.335 
1960.31 1839.243 1877.438 1855.06 1853.498 1913.145 1899.35 1916.354 1812.146 1823.221 1739.047 1910.716 1928.348 1790.325 1680.399 1797.654 1770.657 1764.479 1959.719 1776.203 1899.353 1867.097 1926.977 1940.316 1883.47 1806.205 1950.352 1841.909 1784.486 1790.689 
1984.635 1934.565 1905.074 1826.889 2002.769 1955.019 1844.466 1859.893 1907.577 1742.293 1905.358 1922.985 1898.744 1809.069 1717.868 1752.758 1757.12 1724.85 1836.962 1846.271 1971.664 2016.812 1893.718 2022.88 1878.871 1763.932 1848.714 1800.177 1918.221 1707.023 
1885.11 1910.852 1859.055 1689.819 1830.379 1921.929 1927.663 1910.76 1854.431 1821.314 1915.817 1929.464 1930.182 1770.751 1782.334 1919.778 1779.678 1809.399 1864.319 1876.147 1874.36 1949.177 1976.367 1971.053 1841.782 1883.165 1839.181 1814.741 1739.275 1785.842 
2040.487 1812.722 1873.493 1792.568 1939.556 1821.096 1840.863 1899.171 1970.804 1792.583 1892.23 1912.76 1797.861 1710.033 1802.06 1768.184 1724.983 1871.347 1914.163 1937.464 1916.189 1775.338 1939.27 1931.197 1834.057 1897.227 1845.965 1780.049 1698.245 1766.947 
1867.291 1852.635 1913.082 1808.542 1939.794 1927.123 1923.405 1943.311 1938.325 1954.812 1848.807 1820.726 1828.911 1594.018 1717.249 1711.378 1724.414 1757.905 1986.423 1839.116 1932.418 1846.772 1976.003 1970.148 1949.929 1865.401 1931.043 1789.284 1842.354 1742.557 
1924.126 1828.785 1933.632 1925.824 1954.862 1849.196 1813.277 1953.189 1929.625 1810.315 1876.08 1935.512 1864.895 1801.453 1741.598 1804.76 1824.754 1739.755 1942.955 1832.272 1862.437 1889.8 2045.49 1967.5 1724.743 1836.078 1804.397 1785.51 1777.084 1775.324 
1945.647 1910.15 1965.238 1827.607 1852.375 1950.21 1936.366 1981.975 1876.259 1847.545 1826.24 1833.36 1809.854 1748.394 1730.919 1839.278 1713.321 1796.645 1968.338 1972.874 1987.239 1918.568 1946.366 1951.948 1932.754 1746.439 1788.735 1910.293 1850.516 1710.184 
2012.049 1814.689 1804.209 1840.672 1882.155 1893.961 1935.547 1863.739 1784.063 1856.868 1879.44 1950.852 1808.537 1781.266 1734.213 1858.068 1787.028 1785.945 1844.367 1966.251 2031.165 1925.091 1940.387 1947.58 1900.186 1840.615 1778.53 1773.691 1823.02 1863.553 
1887.321 1852.473 1880.733 1774.748 1932.211 1898.715 1939.7 1907.283 1811.045 1894.693 1871.805 1988.221 1926.78 1727.707 1725.161 1755.358 1770.846 1759.534 1988.647 1821.658 2067.224 1943.168 2033.098 1972.836 1711.401 1870.595 1779.638 1902.93 1793.629 1630.001 
2124.915 1938.157 1925.524 1877.004 1844.97 1865.677 1745.661 1889.637 1862.52 1814.539 1772.497 1928.95 1823.725 1853.137 1754.538 1873.487 1830.722 1770.895 1928.878 1831.897 1906.543 1999.626 1978.442 1909.983 1830.942 1918.342 1891.068 1812.036 1799.069 1790.366 
1835.29 1749.964 1830.682 1874.746 1892.123 1912.943 1933.985 1808.019 1940.531 1751.814 1888.963 1866.845 1789.008 1853.363 1856.951 1774.166 1797.427 1782.536 1808.893 1893.63 1987.102 1873.241 1970.697 1958.11 1791.185 1909.782 1912.727 1827.15 1763.435 1705.889 
1943.168 1947.798 1817.065 1780.802 1830.212 1869.328 1915.765 1892.336 1897.745 1797.173 1837.26 1939.383 1883.474 1851.624 1768.108 1706.267 1773.057 1764.373 1980.912 1837.083 1894.198 1918.006 1933.275 1923.976 1826.082 1913.118 1881.719 1850.904 1904.046 1820.86 
1975.933 1813.531 1809.117 1847.8 1917.689 1873.898 1942.962 1835.334 1841.474 1700.469 1807.73 1902.021 1875.121 1806.207 1760.329 1773.697 1805.386 1751.786 1898.708 1877.756 1890.959 1920.905 1882.928 1870.535 1789.532 1941.444 1827.228 1879.904 1768.829 1813.243 
1889.252 1935.235 1935.417 1847.118 1857.738 1913.086 1866.979 1885.501 1900.957 1852.729 1769.625 1914.96 1860.243 1790.674 1712.406 1805.581 1728.541 1864.469 1872.575 1876.507 1910.639 1993.758 1938.949 1928.08 1780.964 1853.996 1920.122 1862.506 1755.606 1798.307 
1965.12 1918.137 1922.51 1817.199 1938.714 1962.369 1902.901 1891.535 1907.298 1768.284 1814.353 1831.774 1829.017 1787.814 1794.327 1787.713 1734.986 1801.446 1974.255 1867.712 1900.72 1873.269 1910.709 1959.124 1850.217 1809.273 1842.263 1821.589 1782.903 1814.318 
1878.181 1712.041 1920.856 1840.351 1932.549 1941.888 1847.424 1896.55 1857.298 1823.554 1756.757 1911.26 1858.169 1715.386 1856.601 1813.592 1768.302 1780.496 1819.952 1917.956 1914.746 1968.014 1816.349 1915.107 1807.301 1842.625 1852.723 1880.527 1743.951 1753.647 
1958.466 1919.945 1858.677 1954.058 1844.598 1942.638 1913.497 1928.126 1891.103 1867.143 1870.5 1838.988 1872.774 1694.231 1786.588 1800.102 1648.926 1834.131 2012.694 1811.244 1938.317 1812.019 1916.144 1830.588 1856.368 1825.146 1832.291 1832.079 1754.341 1823.944 
1982.728 1820.724 1937.975 1834.354 2028.143 1884.953 2036.477 1901.098 1855.298 1829.463 1916.522 1915.339 1849.867 1731.329 1783.604 1783.424 1773.192 1708.97 1890.955 1780.037 1874.36 1861.412 1826.655 1963.14 1908.593 1880.555 1757.388 1761.886 1751.179 1702.723 
2002.029 1884.343 1847.378 1775.698 1861.03 1952.649 1968.741 1773.116 1913.481 1786.071 1796.604 1930.994 1820.481 1707.918 1817.468 1794.099 1802.886 1702.448 2039.713 1788.821 1857.119 1874.017 2019.171 1980.165 1873.145 1885.93 1843.539 1855.53 1745.784 1716.826 
1954.144 1843.148 1963.075 1855.873 1980.595 1939.596 1855.072 1856.622 1847.615 1862.86 1819.54 2049.887 1881.102 1774.163 1743.281 1851.454 1736.601 1756.247 1983.73 1904.71 1907.644 1885.255 2037.86 2009.632 1859.233 1802.207 1793.215 1870.807 1771.484 1824.244 
1940.636 1914.098 1761.687 1936.012 1915.626 1818.24 1875.603 1919.687 1930.906 1817.303 1839.782 1918.468 1930.42 1803.04 1742.111 1734.609 1763.544 1934.455 1887.608 1835.238 1863.906 1922.323 1984.373 1949.087 1830.975 1840.706 1803.47 1878.481 1800.107 1738.545 
1933.716 1765.275 1794.237 1812.23 1742.985 1887.569 2015.489 1838.825 1848.68 1858.622 1803.722 1854.669 1848.926 1862.882 1695.095 1814.532 1843.474 1815.703 1925.53 1841.694 2024.834 1869.868 1994.033 1810.476 1880.866 1862.084 1785.522 1885.931 1783.882 1752.046 
1808.689 1892.695 1863.95 1801.933 1855.375 1940.191 1880.983 1889.857 1887.766 1804.076 1757.418 1963.216 1849.125 1909.648 1838.691 1889.325 1734.869 1873.084 1817.799 1807.226 1895.852 1894.404 1952.871 1888.642 1811.943 1903.092 1873.356 1815.533 1834.878 1837.837 
2024.607 1762.501 1877.897 1872.065 1864.014 1874.649 1966.078 1757.73 1790.721 1798.998 1759.881 1885.299 1908.9 1744.268 1769.423 1742.42 1822.142 1888.83 1933.54 1965.868 1913.292 1902.103 1934.086 1960.682 1863.127 1866.044 1804.435 1800.387 1837.667 1774.934 
1993.344 1840.515 1851.076 1979.244 1991.703 1965.277 1990.367 1934.806 1900.944 1922.468 1795.758 1979.452 1822.702 1828.977 1852.363 1738.703 1783.415 1774.069 1945.834 1956.637 1938.402 1850.642 1975.301 1933.213 1886.122 1744.342 1810.421 1843.54 1835.848 1822.095 
1868.436 1897.755 1869.789 1841.456 1940.571 1982.432 1890.205 1765.362 1938.924 1790.995 1838.492 1915.087 1912.982 1747.677 1806.145 1810.685 1742.667 1854.302 1940.811 1790.944 1924.083 1723.723 1884.157 2026.585 1805.887 1772.263 1864.49 1745.873 1825.01 1805.733 
1935.326 2037.363 1955.165 1862.902 1992.44 1915.311 1823.991 1976.07 1951.398 1871.556 1878.171 1911.878 1779.267 1815.504 1790.39 1800.564 1711.045 1754.564 1875.8 1870.246 1915.004 1907.883 1978.931 1915.179 1791.653 1868.1 1955.322 1824.31 1851.602 1699.648 
1857.522 1921.766 1897.212 1828.904 1898.835 1883.031 1919.904 1945.593 1798.777 1852.112 1835.065 1939.862 1862.538 1835.01 1692.203 1888.227 1697.23 1646.77 1939.625 1893.813 1939.669 1876.097 1893.299 1993.481 1850.638 1816.284 1795.33 1767.044 1828.85 1769.142 
1948.417 1925.282 1779.776 1924.642 1777.91 1955.221 1934.863 1908.374 1858.82 1796.374 1864.231 1801.409 1797.974 1796.067 1689.521 1764.107 1699.561 1719.145 1762.689 1934.003 1798.646 1901.093 1865.525 1858.092 1873.808 1835.635 1864.848 1735.46 1837.09 1775.36 
1931.159 1761.49 1980.603 1911.155 1935.015 1792.055 1893.854 1891.854 1854.496 1858.395 1862.617 1912.069 1865.348 1880.333 1730.249 1758.619 1808.586 1747.539 1897.376 1782.632 1912.389 1868.129 1990.706 1966.27 1899.127 1811.958 1820.532 1765.718 1837.531 1798.728 
1875.157 1865.907 1812.258 1922.664 1791.134 1914.22 2011.546 1889.886 1806.044 1866.447 1847.065 1848.663 1849.332 1842.957 1793.195 1845.681 1787.25 1681.499 1964.296 1878.963 1879.987 1919.234 1913.678 1917.647 1805.437 1922.975 1857.343 1722.11 1755.297 1704.677 
1961.492 1870.085 1864.142 1882.193 1807.419 1928.875 1924.46 1917.547 1879.542 1746.837 1906.045 1998.629 1930.656 1825.125 1866.596 1788.293 1732.569 1756.657 1923.046 1842.789 1946.865 1921.041 1940.654 1932.878 1819.719 1857.365 1958.658 1896.794 1946.022 1673.94 
1918.857 1803.561 1814.508 1933.139 1885.147 1980.789 1846.302 1916.107 1863.453 1853.087 1806.295 1799.318 1772.316 1753.384 1757.148 1815.18 1694.236 1735.782 1925.707 1859.798 1965.769 1886.737 1830.661 1965.308 1905.894 1942.824 1763.299 1751.529 1735.434 1702.932 
2042.786 1842.008 1825.799 1934.333 1877.294 1975.802 1872.725 1992.298 1879.473 1837.873 1893.367 1909.276 1758.749 1798.227 1843.747 1736.869 1671.109 1812.156 1887.994 1877.746 1959.149 1917.528 2006.877 1957.01 1998.566 1740.153 1835.635 1836.985 1758.301 1719.765 
1967.994 1895.869 1830.901 1928.233 1841.042 1912.121 1862.516 1815.846 1844.949 1754.975 1802.702 1956.612 1901.241 1849.986 1740.776 1756.319 1753.224 1859.336 1854.07 1822.128 1881.084 1862.946 1870.503 1913.682 1870.727 1878.792 1842.238 1752.916 1776.287 1727.852 
1920.294 1845.56 1899.548 1950.132 1790.761 1979.945 2078.087 1866.535 1761.916 1861.332 1861.766 1894.055 1822.692 1856.458 1695.882 1723.008 1831.683 1760.679 1885.663 1885.16 1967.723 1825.117 1984.69 1951.193 1970.643 1799.115 1802.73 1858.976 1904.536 1785.28 
1804.378 1845.9 1939.139 1938.823 1824.345 1854.681 1883.32 1863.582 1874.437 1882.377 1886.118 1885.33 1765.088 1749.994 1809.578 1761.198 1727.115 1849.696 1930.72 1951.149 1800.289 1984.655 2003.176 1990.792 1885.965 1886.988 1850.355 1951.422 1864.573 1845.001 
1980.229 1871.644 1941.878 1982.788 1819.28 1847.833 1777.047 1805.268 1841.859 1867.953 1828.444 1920.751 1841.488 1840.133 1784.492 1810.046 1811.972 1889.567 1890.442 1858.79 1735.543 1908.763 1766.302 1834.001 2037.266 1823.503 1863.84 1838.047 1754.222 1798.38 
1973.545 1870.9 1871.747 1791.013 1937.18 1984.554 2002.472 1917.743 1940.881 1806.777 1827.47 1999.842 1902.218 1769.568 1662.59 1823.83 1704.734 1756.536 1871.25 1897.26 1935.596 1900.408 1785.269 1949.338 1872.27 1842.861 1889.22 1897.302 1728.668 1750.411 
1970.004 1880.022 2032.671 1793.55 1830.324 2026.202 1822.271 1825.333 1950.312 1833.869 1831.196 1938.339 1822.482 1721.587 1707.989 1834.21 1714.89 1752.376 2003.128 1727.705 1927.507 1916.522 1889.151 1993.073 1989.885 1785.851 1805.554 1813.778 1801.908 1753.914 
2022.126 1889.602 1881.924 1866.098 1885.776 1997.778 1912.983 1800.602 1856.966 1895.573 1775.555 1808.455 1945.811 1857.137 1684.07 1737.157 1725.589 1698.715 1867.362 1879.96 1994.881 1922.501 1996.292 1911.911 1822.679 1765.13 1824.806 1868.301 1865.243 1818.913 
1904.858 1928.088 1959.359 1999.27 1939.682 1859.839 1906.412 1925.839 1874.572 1831.032 1805.047 1815.911 1913.814 1853.849 1757.322 1783.196 1667.107 1682.032 1854.713 1892.323 1843.886 1972.578 1856.041 1934.183 1851.981 1897.104 1913.864 1845.339 1788.079 1774.046 
1948.532 1853.594 1928.691 1898.47 1920.558 1880.91 1911.71 1854.314 1821.352 1791.541 1827.76 1992.239 1854.71 1796.913 1691.998 1774.735 1735.427 1798.565 1948.801 1855.619 1906.227 1946.927 1994.07 1932.541 1893.985 1792.036 1935.205 1786.317 1773.426 1754.865 
1895.114 1850.823 1866.142 1907.986 1793.563 1907.76 1812.65 1869.973 1888.115 1800.699 1882.61 1918.305 1802.053 1795.004 1681.89 1812.959 1677.294 1803.077 1903.642 1848.367 1908.94 1886.436 1912.428 1851.907 1880.436 1819.893 1785.741 1890.11 1748.277 1897.886 
1834.672 1835.824 1800.455 1816.625 1879.788 1892.451 1902.911 1817.623 1817.37 1903.402 1873.872 1865.152 1807.14 1800.83 1747.531 1745.067 1715.375 1772.876 1950.978 1815.95 2019.909 1890.386 1876.266 1955.42 1819.784 1956.465 1789.766 1805.81 1735.751 1707.776 
1872.067 1798.427 1803.084 1884.599 1893.919 1924.39 1814.945 1856.377 1869.844 1855.661 1913.111 1934.218 1825.623 1826.885 1790.228 1897.441 1646.294 1785.38 1929.773 1948.818 1889.354 1864.531 2001.977 1949.735 1872.047 1848.388 1836.208 1839.908 1770.348 1774.232 
1833.701 1889.162 1902.94 1864.609 1819.803 1944.253 1919.489 1867.781 1863.435 1802.633 1744.703 1908.851 1872.888 1887.282 1733.358 1772.53 1725.782 1830.776 1891.989 1915.337 1864.854 1917.579 1878.262 1989.951 1828.095 1879.682 1862.323 1806.582 1719.087 1779.295 
1795.551 1984.483 1766.82 1841.898 1828.756 1947.147 1941.883 1869.296 1923.012 1838.133 1798.705 1837.568 1812.311 1769.982 1821.517 1710.992 1661.208 1813.334 1951.252 1985.79 1854.252 1938.838 1918.709 1909.191 1859.103 1917.899 1883.683 1809.625 1812.521 1809.042 
1916.746 1840.172 1915.259 1963.042 1903.249 1966.515 2040.33 1945.643 1853.212 1868.583 1816.625 1908.082 1797.87 1802.539 1685.06 1818.912 1773.098 1728.66 1961.01 1954.3 1977.272 1923.151 1967.424 1951.77 1869.1 1820.943 1828.38 1799.504 1704.0 1784.234 
1947.03 1875.986 1877.252 1863.564 1935.755 1903.475 1948.502 1958.0 1858.186 1777.746 1899.788 1894.357 1908.05 1756.832 1799.199 1733.831 1800.887 1728.596 1903.253 1848.925 1943.134 1966.081 1916.544 1903.963 1849.916 1921.128 1815.109 1833.687 1664.913 1721.956 
1902.865 1785.8 1942.396 1845.002 1872.416 1911.302 1877.682 1972.64 1990.701 1877.783 1848.101 1987.939 1836.552 1781.639 1826.24 1751.044 1769.306 1743.748 1891.061 1865.153 1940.794 2039.002 1978.398 1988.624 1847.412 1797.031 1732.551 1813.316 1883.737 1736.48 
1886.479 1865.156 1895.903 1822.906 1906.838 1935.046 1909.952 1982.507 1937.722 1931.985 1882.532 1906.887 1943.202 1920.597 1760.164 1806.043 1675.859 1712.139 1950.307 1811.542 1903.896 1918.917 1990.856 1931.022 1807.742 1879.967 1845.744 1955.024 1800.83 1800.252 
1974.638 1914.089 1824.142 1906.643 1946.581 1925.403 1910.104 1944.781 1837.806 1780.721 1866.869 1924.891 1889.526 1742.171 1775.986 1886.149 1776.407 1817.741 1873.242 1949.149 1949.921 1868.202 1957.431 1945.067 1909.604 1849.6 1959.906 1841.871 1845.497 1820.0 
1967.267 1838.181 1870.543 1922.504 1964.655 1953.375 1886.135 1836.364 1989.284 1858.285 1829.526 1835.049 1700.183 1841.651 1726.981 1821.438 1713.899 1713.691 1853.159 1874.652 1865.115 1884.167 1985.655 1864.861 1813.444 1787.071 1812.203 1859.93 1826.711 1770.426 
2090.24 1922.744 1932.012 1877.557 1772.214 1869.553 1945.126 1930.244 2013.59 1924.858 1826.688 1863.752 1804.873 1769.413 1786.935 1721.909 1628.087 1777.188 1846.933 1826.285 1895.95 1967.725 1956.472 2026.262 1821.09 1888.438 1960.474 1908.728 1839.27 1820.218 
1898.843 1952.367 1850.464 2003.33 1977.841 1918.828 1959.366 1792.023 1916.006 1966.994 1934.906 1893.365 2002.009 1776.769 1776.163 1743.052 1742.684 1791.618 1895.542 1913.781 1936.572 1934.461 1939.031 1859.683 1834.055 1714.24 1842.764 1847.116 1875.645 1813.719 
1895.248 1842.215 1948.371 1894.032 1848.884 1885.671 1887.098 1861.258 1897.032 1826.467 1755.251 1918.034 1804.995 1728.795 1818.712 1805.312 1776.085 1746.0 1873.803 1950.623 1894.816 1885.124 1919.591 1948.511 1874.328 1901.557 1796.155 1872.509 1879.423 1790.904 
1890.569 1882.533 1915.604 1939.103 1779.578 2057.566 1951.526 1918.139 1747.155 1821.764 1791.926 1858.615 1808.417 1791.261 1774.039 1842.074 1734.661 1714.717 1972.495 1812.746 1870.522 1934.994 1942.039 1953.191 1861.601 1794.789 1850.149 1735.651 1789.116 1695.891 
1861.14 1922.447 1898.265 1747.045 1916.766 1756.015 1878.231 1878.669 1883.008 1850.303 1869.763 1915.456 1773.774 1724.915 1660.482 1784.388 1711.069 1824.541 1940.573 1765.116 1881.341 1913.545 1973.648 1917.051 1858.657 1899.212 1769.615 1861.401 1851.471 1768.7 
1917.326 1795.883 1884.451 1922.505 1837.514 1850.682 1892.66 1833.801 1782.525 1821.492 1792.477 1914.968 1859.877 1843.64 1797.998 1759.664 1751.224 1722.933 1867.098 1804.138 1920.114 1960.844 1946.021 1995.825 1910.329 1823.569 1775.569 1773.519 1850.767 1760.051 
1895.473 1929.819 1788.038 1903.585 1923.162 1948.277 1821.907 1889.997 1919.923 1872.875 1832.355 1861.049 1932.815 1850.611 1850.188 1831.025 1806.0 1686.757 1945.467 1846.864 1859.084 1948.331 1869.822 1839.905 1859.637 1826.558 1751.649 1769.473 1786.723 1842.413 
1980.824 1917.923 1962.586 1936.669 1845.716 1918.449 1960.15 1917.925 1842.946 1828.942 1837.477 1896.786 1820.725 1847.298 1750.297 1854.101 1761.762 1748.309 1885.907 1945.227 1945.035 1835.51 2055.954 1975.165 1903.779 1821.391 1893.798 1797.373 1915.022 1750.211 
1845.107 1837.809 1820.816 1773.441 1788.412 1917.233 1837.989 1843.559 1859.853 1837.873 1824.623 1871.205 1869.179 1757.259 1782.106 1813.593 1793.462 1735.905 1835.064 1949.932 2018.006 1897.2 1912.939 1928.776 1933.514 1779.644 1852.293 1785.874 1837.613 1729.599 
1889.777 1902.694 1792.648 1873.14 1883.163 1848.688 1871.132 1928.957 1839.939 1846.735 1741.421 1943.56 1899.472 1924.977 1748.768 1796.191 1704.595 1795.029 1902.387 1835.403 1838.34 1895.462 2113.479 1963.56 1893.365 1845.928 1832.345 1865.913 1850.991 1772.401 
1971.388 1917.257 1947.043 1873.232 1861.584 1851.489 1860.956 1851.009 2041.346 1855.618 1765.468 1910.846 1810.725 1841.314 1750.824 1771.895 1777.678 1669.662 1920.019 1830.302 1902.607 1913.418 1933.544 1927.176 1775.075 1818.04 1788.068 1888.766 1800.385 1796.942 
1954.323 1869.915 1865.259 1942.471 1908.66 1751.797 1928.548 1829.591 1941.122 1781.299 1836.476 1819.07 1867.322 1805.48 1611.374 1795.708 1746.829 1769.804 1912.22 1831.798 1941.286 1895.677 1997.827 1978.392 1945.725 1916.854 1905.462 1834.093 1851.883 1845.624 
1854.321 1881.224 1986.919 1864.185 2025.389 2067.011 1866.028 1848.023 1841.24 1716.037 1845.386 1889.798 1898.015 1759.788 1656.461 1749.295 1800.25 1770.198 2015.672 1893.074 1930.086 1829.454 1960.064 2008.84 1876.078 1922.009 1921.128 1737.901 1824.824 1807.118 
1964.55 1908.877 1942.856 1841.608 1953.497 1911.151 1912.944 1930.895 1925.582 1876.488 1870.648 1876.22 1900.103 1751.515 1804.156 1819.235 1758.241 1792.387 1762.334 1859.935 1889.443 1918.825 1943.48 1888.718 1949.814 1879.182 1834.151 1848.856 1817.195 1904.329 
1946.965 1883.228 1997.194 1972.857 1832.863 1984.295 1960.377 1893.939 1862.516 1921.981 1913.483 1943.422 1933.0 1819.525 1846.723 1725.761 1837.424 1845.47 1771.222 1979.001 2033.112 1956.428 1933.799 1989.167 1790.392 1935.582 1894.273 1962.601 1786.166 1743.682 
1895.235 1924.593 1824.903 1913.202 1934.889 1805.984 1826.188 1836.205 1956.46 1823.34 1711.546 1947.646 1910.124 1840.596 1809.524 1805.424 1697.612 1892.56 1873.371 1966.415 1908.494 1833.809 1810.311 1934.908 1930.67 1743.75 1812.542 1774.822 1806.326 1845.091 
2080.409 1816.603 1860.737 1901.58 1959.114 1918.065 1806.188 1950.153 1906.861 1881.815 1810.668 1848.914 1898.145 1744.065 1731.051 1907.979 1728.949 1891.392 1923.909 1862.993 1868.364 1768.478 1932.224 1873.067 1817.615 1880.762 1846.251 1940.514 1752.905 1869.232 
1894.245 1874.361 1901.059 1853.545 1965.351 1995.735 1979.523 1902.906 1997.299 1844.167 1845.051 1842.274 1927.901 1866.085 1725.906 1726.327 1715.808 1689.083 2034.931 1738.971 2006.566 1783.161 1926.201 1984.652 1853.955 1890.929 1833.314 1896.094 1711.204 1759.002 
1940.802 1804.835 1910.483 1847.54 1843.841 1868.084 1914.605 1962.717 1886.273 1768.61 1772.098 1851.245 1889.814 1844.692 1601.02 1755.796 1798.693 1826.732 1974.428 1837.369 1974.54 1876.829 1896.234 1987.524 1839.912 1792.858 1840.763 1869.91 1794.213 1717.337 
1886.295 1872.478 1930.387 1859.057 1853.171 1841.497 1991.018 1849.652 1816.253 1890.251 1874.04 1906.232 1814.647 1846.659 1804.47 1879.184 1704.071 1857.799 1942.978 1872.604 1915.274 1870.866 1835.885 2000.596 1840.51 1913.621 1745.351 1902.361 1860.84 1767.703 
1972.186 1778.87 1918.72 1832.645 1906.941 1877.682 1896.251 1870.5 1816.877 1853.43 1886.272 1887.006 1803.007 1776.792 1705.548 1770.219 1627.883 1803.336 1890.888 1887.39 1942.121 1869.011 1973.123 1844.122 1850.358 1877.984 1857.081 1748.348 1708.964 1733.34 
1873.262 1839.34 1914.645 1878.325 1840.85 1872.419 1938.632 1834.312 1901.924 1832.337 1828.404 2003.914 1923.271 1693.726 1742.813 1806.274 1701.087 1747.866 2019.143 1915.349 1924.756 1928.801 1953.363 1973.981 1816.443 1849.959 1865.937 1772.742 1633.136 1794.961 
1857.662 1842.416 1918.378 1853.421 1865.404 1844.673 1971.494 1907.969 1858.666 1823.303 1681.77 1863.683 1909.99 1793.868 1716.654 1781.416 1677.899 1857.704 1931.135 1872.482 1969.404 1756.191 2023.905 1919.497 1912.943 1788.934 1819.36 1869.477 1818.842 1823.838 
1899.828 1903.372 1915.512 1883.112 1820.821 2004.212 1871.46 1905.504 1893.826 1857.268 1879.038 1922.69 1757.425 1847.695 1819.057 1854.151 1738.974 1867.8 1995.351 1855.803 1967.447 1896.632 1960.613 1955.217 1884.936 1973.508 1790.153 1732.757 1844.749 1737.127 
1933.648 1863.769 1886.837 1878.071 1859.606 1898.176 1873.967 1881.245 1911.701 1919.635 1843.124 1932.8 1895.464 1850.52 1879.817 1821.05 1701.831 1791.155 1927.261 1891.919 1844.31 1967.49 1931.41 1976.508 1811.201 1849.09 1829.705 1811.252 1763.012 1795.929 
1973.45 1935.906 1891.614 1857.47 1954.514 1937.1 1926.655 1745.211 1909.186 1857.875 1846.491 1882.393 1804.645 1715.531 1761.924 1736.86 1831.129 1829.01 1856.975 1851.774 1894.909 1782.633 2004.12 2044.128 1827.573 1842.605 1980.764 1836.489 1782.037 1784.881 
2004.99 1910.261 1855.965 1855.328 1850.576 1938.301 1909.883 1833.967 1823.107 1780.772 1898.011 2085.684 1919.322 1761.658 1803.57 1762.795 1736.638 1713.453 1838.524 1840.275 1965.189 1901.23 2020.044 1985.562 1983.742 1907.961 1886.358 1909.038 1648.497 1800.304 
1953.232 1936.982 1912.383 1879.442 1859.431 1900.876 1924.29 1847.048 1831.873 1893.665 1849.172 1943.371 1985.717 1839.274 1825.276 1775.424 1751.387 1788.007 1933.055 1913.113 1944.655 1937.692 1933.132 1986.67 1873.549 1793.809 1777.674 1799.569 1734.862 1824.601 
1900.635 1915.507 1810.549 1853.415 1884.825 1895.886 1931.426 1922.386 1804.618 1962.593 1941.097 1953.87 1813.037 1791.016 1809.513 1782.253 1708.84 1829.018 1968.102 1853.821 1827.419 1878.277 1951.011 1948.498 1903.308 1870.852 1725.538 1698.145 1855.407 1693.477 
1921.908 1887.595 1944.046 1815.761 1892.016 2018.227 1977.664 1847.988 2028.143 1868.662 1803.455 2108.871 1862.004 1724.767 1647.616 1866.166 1725.295 1824.025 1957.743 1922.261 1788.431 1827.901 1936.873 2011.595 1862.427 1913.091 1872.148 1829.443 1737.535 1800.853 
1926.991 1893.288 1808.457 1775.836 1860.61 1849.476 1937.44 1871.944 1889.862 1779.877 1833.824 1970.598 1900.945 1777.221 1789.16 1900.607 1795.398 1800.723 1973.316 1884.32 1948.684 1821.555 1778.717 2006.9 1842.457 1855.585 1805.107 1828.25 1726.787 1764.995 
1957.411 1865.797 1866.549 1785.156 1892.296 1937.53 1817.473 1921.232 1909.947 1848.04 1840.545 1878.73 1829.231 1735.996 1865.701 1798.827 1863.527 1808.573 1876.165 1846.62 1834.625 1838.686 1967.843 1971.159 1911.567 1877.409 1882.428 1873.026 1805.427 1813.718 
1904.763 1881.387 1896.075 1811.494 1897.154 1775.382 1830.29 1940.637 1901.953 1854.095 1847.396 1873.012 1856.615 1892.217 1757.915 1817.504 1897.516 1835.309 1812.598 1874.026 2022.122 1864.088 1872.955 1922.658 1849.347 1873.859 1811.659 1823.656 1839.407 1745.7 
1997.452 1919.873 1785.278 1761.258 1823.144 2008.458 1924.109 2014.296 1883.819 1858.636 1922.467 1859.063 1881.729 1842.473 1760.077 1795.081 1712.933 1794.743 1935.783 1793.62 1966.177 1908.244 1945.09 1943.971 1844.782 1807.665 1835.924 1749.808 1731.867 1781.659 
1876.467 1813.055 1838.235 1859.389 1869.542 1927.103 1955.01 1857.296 1890.032 1817.466 1773.753 1935.881 1827.063 1872.046 1774.553 1761.978 1760.659 1882.847 1974.524 1883.496 1872.821 1900.822 1854.096 1868.357 1895.53 1871.41 1845.804 1836.833 1809.264 1865.615 
