1 -11.4716 -1.12793 -13.5657 -4.93244 5.79987 3.84064 -9.8465 -8.67004 -21.6019 34.3369 9.32465 15.1978 -32.0508 -30.6239 -18.7729 100 8.54187 9.86023 13.7787 12.8906 -6.25305 -3.72162 -30.5695 0.654602 15.3675 12.9183 23.4375 -7.06787 16.6699 -3.55748 
2 21.3409 -33.3545 23.6413 -30.4207 5.79987 -2.60468 -9.55353 -2.5177 17.363 6.21185 2.00043 10.5103 -14.1797 -24.7645 22.8287 3.10822 23.7762 -2.73743 11.142 4.6875 -1.27258 0.965881 16.3055 18.2327 -6.89808 1.78545 5.27344 -4.13818 11.6895 -1.79967 
3 26.9073 -6.9873 -15.9095 19.384 -1.23138 14.9734 -6.62384 -3.98254 -9.29718 8.84857 7.27386 7.87354 13.0664 -8.06526 -0.901794 -19.4504 10.0067 -11.5265 2.93884 -4.98047 -0.393677 20.8878 -6.25305 -13.4079 32.0668 5.00811 4.10156 -25.2319 14.3262 2.88783 
4 -12.6434 -9.62402 -19.4251 0.340996 23.671 -25.7492 10.0754 26.7792 -5.48859 12.0712 4.05121 -15.271 12.4805 -8.94416 21.3638 -8.61053 20.8466 -11.2335 10.556 7.61719 -0.979614 5.94635 -9.76868 1.53351 19.7621 6.17998 -18.457 17.8345 15.498 -8.53795 
5 -24.0692 -27.2021 -19.7181 -11.0848 -9.14154 2.96173 7.43866 -5.74036 23.2224 -16.9327 1.70746 17.8345 -10.0781 -17.7332 5.25055 -23.8449 -11.38 -16.7999 -21.3776 2.63672 8.39539 -9.87396 19.8212 -11.0641 2.76989 33.1331 -3.51562 20.4712 29.2676 8.45424 
6 1.41907 1.21582 -8.87823 1.80584 -27.0126 -43.0344 4.216 -21.5607 6.23016 -1.40533 0.242615 24.2798 15.9961 17.716 9.05914 -20.9152 -13.1378 -2.73743 -1.16272 7.61719 -0.100708 7.11823 4.58679 -9.30634 4.23473 49.2464 16.1133 17.8345 -17.3145 18.4152 
7 -10.5927 6.78223 8.99287 4.14959 -26.7197 7.35626 7.43866 -9.54895 4.76532 -1.99127 -3.27301 -14.6851 -0.996094 -1.61994 -19.3588 -9.48944 5.61218 -32.0343 16.4154 2.34375 -7.42493 -18.3701 8.10242 -12.236 12.7308 -2.31611 -8.49609 -5.60303 -1.49414 -12.6395 
8 4.93469 -12.2607 -4.77666 11.7668 4.04205 17.0242 -18.9285 -5.44739 -4.02374 -17.5186 -0.92926 -1.50146 4.27734 14.4933 -4.41742 -15.0558 4.73328 26.2665 4.40369 -4.98047 -12.6984 11.5128 -24.7101 10.9085 -23.5973 -37.7653 -7.61719 31.311 -15.8496 2.00893 
9 20.462 -11.3818 25.9851 -16.3582 24.5499 4.13361 10.9543 1.58386 -4.31671 -19.8624 3.1723 6.70166 -13.3008 -23.8856 -13.4995 22.7371 100 16.5985 14.3646 9.96094 -0.393677 -17.4911 -17.9718 17.3538 -3.67543 -8.17549 1.46484 12.561 1.14258 0.544085 
10 18.4113 17.915 -13.2728 17.9191 1.40533 8.82111 1.87225 2.1698 -20.723 2.69623 -9.42535 -14.3921 30.6445 13.6144 5.54352 21.8582 -4.05579 1.36414 -2.62756 -0.878906 22.4579 -3.42865 7.80945 -4.32587 -25.3551 17.6058 -2.63672 6.99463 -19.6582 7.28237 
11 -32.5653 3.55957 -100 5.9074 4.62799 4.42657 19.4504 2.75574 8.57391 -2.28424 16.9418 -5.896 -13.5938 13.9074 29.274 9.8465 -12.5519 -3.32336 -5.85022 3.80859 -2.15149 0.672913 0.192261 13.5452 -27.4059 -20.1872 19.043 -17.3218 -12.334 -13.5184 
12 -11.4716 -5.22949 -12.3939 -4.93244 3.74908 -8.17108 4.80194 0.704956 -4.60968 13.2431 -15.5777 3.479 -15.3516 10.0988 16.6763 -10.9543 12.3505 12.204 -0.576782 15.5273 -0.686646 -11.6318 14.5477 -9.5993 21.2269 3.25029 2.34375 2.89307 7.58789 9.33315 
13 -18.7958 -10.5029 24.5202 -26.6121 11.0733 -23.6984 -9.8465 -29.7638 7.98798 -1.6983 18.6996 -8.23975 13.0664 -11.5809 -5.29633 -3.04413 6.19812 1.6571 14.9506 21.3867 9.56726 -0.791931 12.4969 23.2132 -40.2965 -11.6911 -2.63672 -4.13818 -20.5371 -8.24498 
14 22.2198 -15.1904 13.9733 14.9894 -16.7587 -1.4328 6.55975 7.73621 -11.348 2.40326 -3.56598 -22.3022 18.9258 22.6965 -11.7416 14.827 100 20.993 -9.36584 3.80859 10.4462 0.0869751 -10.3546 -18.0954 -4.8473 -1.73017 10.8398 -18.7866 -21.416 -0.62779 
15 -22.0184 22.6025 3.71943 6.49334 -1.23138 7.35626 -8.67462 17.4042 -20.43 1.52435 -18.2144 6.70166 4.86328 150 -23.1674 -21.5012 -34.5245 9.86023 -5.55725 8.20312 -4.20227 -0.498962 4.58679 6.80695 0.719105 5.59404 -1.17188 17.8345 32.4902 28.0831 
16 -8.54187 6.78223 23.6413 -4.05353 16.6397 -9.92889 10.9543 1.87683 1.24969 -8.43658 -16.1636 4.06494 -22.6758 0.723805 5.54352 0.178528 -8.15735 5.17273 0.00915527 1.75781 -9.47571 6.82526 0.778198 -1.68915 4.5277 -1.43721 3.51562 -15.8569 3.7793 -39.0067 
17 -14.9872 -14.0186 11.9226 5.32147 -16.4658 11.4578 25.0168 -5.15442 -3.73077 2.69623 10.4965 -8.23975 22.7344 8.92693 26.0513 16.5848 8.54187 16.0126 6.74744 -10.5469 5.17273 -2.25677 8.98132 11.2015 32.0668 -33.0778 8.78906 9.04541 13.1543 -7.36607 
18 5.52063 9.71191 -12.9798 14.1105 -18.5165 -14.0305 -12.1902 -5.74036 7.40204 -10.4874 -14.6988 2.89307 -6.5625 4.82537 2.61383 -17.3996 10.2997 -2.73743 0.595093 0.292969 19.8212 -12.8036 -0.686646 16.1819 -29.7496 -42.1599 -18.75 -1.2085 -16.4355 35.4074 
19 -26.12 18.501 -10.0501 -4.3465 6.09283 -17.8391 0.40741 12.1307 6.8161 -2.57721 -4.73785 -11.7554 -15.9375 8.04802 13.4537 5.74493 13.5223 0.485229 -8.19397 13.1836 0.192261 14.1495 2.53601 -12.236 14.4886 11.1605 -17.5781 6.70166 -24.9316 37.7511 
20 -20.5536 14.3994 -0.675102 7.95818 24.2569 13.5086 7.43866 -16.8732 -6.66046 -1.6983 0.535583 3.18604 8.67187 28.8488 26.9302 -0.114441 10.2997 23.6298 -15.8112 -6.15234 -22.0734 -3.72162 6.05164 -14.8727 -9.82777 6.47295 -0.585938 15.1978 4.36523 -10.8817 
21 11.087 5.02441 7.52802 -12.5496 7.85065 -4.94843 0.993347 0.119019 -3.43781 -14.5889 -4.44489 -7.36084 17.168 -10.116 1.73492 -1.28632 -17.5323 14.5477 -16.983 -9.08203 26.2665 2.43073 -2.15149 -12.822 -18.6168 -36.3005 5.85938 15.4907 29.8535 9.91908 
22 22.2198 -2.59277 -3.31182 -17.5301 -15.2939 29.6219 -19.2215 -5.44739 -4.60968 -1.11237 -0.343323 3.18604 -48.1641 -11.5809 3.19977 3.10822 -0.83313 -10.9406 -12.2955 3.22266 -8.01086 -2.84271 -8.5968 -23.3688 -27.9918 -16.9645 1.17188 -7.36084 -34.3066 -12.3465 
23 -19.9677 10.5908 -13.8587 -17.2371 -22.3251 15.8524 -7.50275 6.56433 1.54266 -11.6592 14.0121 3.77197 -3.04688 16.2511 14.3326 -17.3996 -19.5831 -12.9913 -18.1549 -0.292969 -5.08118 -1.0849 -13.8702 4.75616 -26.82 -30.1481 7.03125 -5.60303 -10.8691 -14.3973 
24 0.540161 -15.4834 27.1569 -13.7215 4.33502 -6.1203 13.884 4.22058 -4.90265 -6.67877 -5.32379 -13.8062 -18.5742 -5.42854 -9.98383 27.4246 2.38953 18.9423 -5.55725 -8.20312 12.4969 9.75494 16.0126 -9.5993 -13.6364 14.3831 -27.5391 -11.7554 -8.52539 31.8917 
25 29.5441 9.71191 -44.9134 -36.5731 -14.122 1.49689 0.700378 0.704956 12.9684 -7.55768 -11.4761 4.94385 16.2891 -8.94416 -24.6323 11.3113 -2.88391 3.70789 0.00915527 -1.17188 9.27429 -4.01459 4.00085 0.361633 -8.65589 8.52373 -38.3789 26.9165 -4.7168 6.40346 
26 16.6534 12.0557 -31.4368 4.14959 -7.96967 4.42657 2.45819 8.61511 -0.215149 -20.4483 -7.0816 -17.6147 -6.26953 -20.9559 -0.901794 -5.38788 -16.6534 15.7196 -2.33459 2.92969 -13.2843 2.72369 5.4657 -0.810242 35.5824 -6.12471 25.4883 -19.3726 -22.2949 55.3292 
27 18.9972 -23.3936 28.9147 13.2316 1.11237 23.4695 4.216 -11.5997 22.0505 -0.819397 15.184 5.23682 -3.04688 -15.9754 -11.7416 -6.85272 12.0575 13.6688 -9.36584 -14.9414 -17.6788 16.2003 -6.25305 -9.01337 -4.26136 -3.48799 -19.9219 -9.11865 12.8613 10.798 
28 9.03625 3.85254 31.8444 17.9191 21.3272 25.8133 20.0363 -19.5099 -0.215149 12.0712 1.12152 9.63135 15.9961 7.75506 -9.10492 9.26056 -0.540161 13.6688 -18.4479 -5.85938 -0.100708 1.55182 19.2352 13.5452 18.8832 14.969 -1.75781 32.1899 11.1035 12.2628 
29 2.59094 -15.7764 -15.0306 -9.91291 -0.938416 5.59845 1.28632 -8.96301 -1.09406 -0.233459 -16.1636 -4.13818 23.0273 10.9777 12.5748 16.8777 -27.4933 28.9032 -0.576782 7.61719 -1.56555 12.0987 7.80945 -5.20477 -16.2731 -7.88252 -13.7695 1.13525 -1.20117 -1.5067 
30 -1.21765 3.2666 14.2663 -16.6512 -9.14154 -4.94843 -11.0184 8.90808 6.23016 -9.31549 -2.98004 14.3188 -3.04688 21.2316 13.1607 -2.16522 7.07703 11.0321 2.64587 2.05078 1.6571 13.2706 -12.6984 22.0413 6.57848 -3.19502 14.3555 6.70166 11.9824 0.837054 
31 -9.12781 -6.69434 -15.6165 2.68475 -15.5869 2.66876 10.6613 14.4745 2.71454 -11.0733 19.2856 -3.55225 21.5625 -23.5926 4.37164 -19.1574 5.90515 -0.100708 -9.95178 -7.91016 -10.9406 6.53229 -14.1632 1.53351 -9.5348 10.2815 35.1562 -2.96631 -19.0723 -18.2059 
32 -7.66296 -4.35059 -9.46416 -5.51838 7.26471 15.5594 -8.38165 16.8182 0.370789 7.6767 11.3754 -15.564 4.57031 -28.5731 -9.39789 -4.50897 2.6825 4.29382 -11.1237 -19.3359 -14.7491 7.70416 -8.01086 -0.517273 -4.8473 8.23076 -11.4258 -0.622559 27.5098 34.5285 
33 6.39954 5.02441 -25.2845 13.5246 23.378 31.9656 -9.55353 -10.4279 4.47235 9.14154 -5.32379 -14.0991 19.5117 -3.67073 11.6959 -17.3996 44.87 -29.1046 -2.62756 -15.5273 -18.2648 -12.5107 -22.0734 -20.1462 19.1761 -16.3786 -23.1445 -17.3218 -7.35352 -5.90123 
34 12.5519 -32.4756 -0.675102 10.3019 14.296 -13.1516 -18.6356 -2.81067 -23.3597 4.74701 -6.49567 6.40869 -0.410156 32.0715 -12.9135 -12.1262 -26.9073 5.4657 2.64587 -6.44531 -10.6476 18.544 -13.8702 9.1507 9.50817 26.6878 -2.63672 20.7642 -1.20117 -23.1864 
35 -5.02625 -5.52246 5.18427 5.32147 -22.3251 24.3484 3.92303 -12.7716 -13.9847 -20.7413 -2.3941 16.3696 -32.3438 -9.23713 21.9498 7.50275 24.0692 5.75867 -1.74866 3.22266 9.56726 1.55182 -11.8195 -5.49774 -11.8786 -18.4294 3.22266 -20.8374 -28.7402 8.45424 
36 -23.4833 -5.52246 -3.31182 6.49334 23.671 -24.5773 17.6926 -4.56848 22.3434 -15.7608 10.4965 3.77197 -0.410156 -20.9559 7.88727 10.7254 -6.10657 30.368 3.81775 1.75781 -4.78821 -26.5732 13.6688 5.63507 -18.0309 -19.6013 12.5977 -33.728 -15.2637 23.9816 
37 -5.31921 21.4307 1.96162 9.42303 -2.40326 -10.5148 -21.5652 17.4042 -4.31671 -13.1241 2.87933 6.99463 10.7227 -15.0965 5.83649 -14.4699 -12.8448 -2.73743 23.1537 2.63672 -13.2843 15.6143 5.17273 -13.9938 -3.38246 10.2815 9.96094 15.7837 -24.0527 15.4855 
38 13.4308 9.12598 26.864 -6.98322 18.3975 -3.19061 -1.05743 -2.5177 -6.95343 -14.296 -11.4761 -9.99756 49.9805 1.30974 -11.1557 -34.9777 7.37 16.8915 7.33337 0.878906 1.95007 -7.82318 23.9227 -4.9118 -0.745739 -2.31611 9.96094 -1.2085 -12.627 14.3136 
39 -5.90515 -18.999 -21.4759 11.4738 12.2452 -0.846863 15.9348 -8.08411 5.35126 3.8681 -1.22223 -10.5835 4.86328 -1.03401 6.42242 6.0379 -4.34875 -12.1124 -7.901 14.0625 -12.1124 1.25885 -17.9718 -1.98212 21.2269 -25.4606 26.3672 22.8149 -7.64648 -5.31529 
40 7.27844 -9.62402 6.64912 8.25115 -22.3251 11.7508 -13.3621 -6.91223 7.69501 15.0009 -0.343323 20.4712 41.7773 2.18865 -5.58929 3.69415 -7.27844 3.12195 -11.4166 2.63672 17.4774 1.84479 11.618 -18.0954 -24.7692 -12.277 18.457 -15.271 24.2871 7.57533 
41 16.6534 37.5439 4.0124 -34.2293 12.2452 11.4578 4.50897 8.61511 -14.8636 -11.3663 4.93011 -6.48193 -25.8984 17.1301 -12.0346 -29.9973 -6.98547 -28.5187 1.474 -2.92969 23.9227 -4.30756 0.778198 -9.01337 -5.14027 -4.36689 4.10156 16.6626 3.19336 17.5363 
42 -3.85437 -8.74512 -8.87823 23.7785 -2.9892 -23.1125 8.9035 -8.96301 -11.348 6.79779 -10.0113 -3.84521 20.3906 -13.9246 -2.65961 -0.700378 14.4012 -26.1749 12.0209 -3.22266 0.485229 -23.9365 -7.42493 14.4241 -1.62464 9.69561 28.418 0.256348 -30.2051 -18.2059 
43 -23.4833 4.73145 -23.8196 22.6066 12.2452 -11.9797 20.0363 -15.4083 -12.5198 2.69623 10.4965 0.549316 15.4102 3.94646 -26.3901 34.1629 -20.755 -11.8195 -0.869751 8.78906 11.3251 9.16901 -0.393677 -13.1149 -11.8786 17.3128 -13.7695 12.2681 10.2246 11.9699 
44 14.3097 8.54004 -15.6165 7.37225 6.67877 10.5789 -11.3113 -7.79114 22.9294 0.0595093 -10.0113 6.11572 -0.410156 -10.409 -14.0854 15.9988 -4.64172 -12.1124 14.0717 -14.9414 5.75867 5.65338 2.53601 -10.7712 7.75036 20.8284 23.1445 -19.6655 -15.5566 2.3019 
45 -5.31921 9.12598 -24.4056 12.3527 -15.8798 14.6805 -3.40118 -6.61926 10.6247 6.21185 27.4887 14.6118 33.5742 19.7668 9.05914 -24.7238 -17.2394 -4.78821 -10.8307 6.44531 -20.3156 21.7667 -1.85852 18.8187 -4.8473 -6.41767 9.96094 -21.7163 -27.2754 -18.4989 
46 -15.5731 -9.62402 0.789742 -16.6512 -20.8603 -11.1008 -2.22931 1.87683 9.45282 8.5556 8.15277 -7.06787 1.64062 8.34099 -12.6205 3.69415 -4.05579 -3.0304 17.8802 -4.98047 -4.20227 -3.72162 -2.44446 3.29132 -24.7692 37.5276 23.1445 12.854 -1.78711 3.47377 
47 23.3917 -3.17871 1.37568 12.6457 -3.57513 -11.9797 8.31757 15.0604 6.23016 0.938416 -2.68707 -3.25928 18.0469 3.94646 -17.894 -0.993347 -3.76282 -2.15149 -23.7213 -6.15234 -2.73743 3.01666 14.2548 22.9202 -11.5856 -12.277 12.0117 17.8345 -0.322266 -15.5692 
48 9.62219 9.41895 5.77021 -23.9754 -4.16107 -8.17108 -13.3621 26.7792 -0.215149 -23.9639 -7.37457 13.7329 6.62109 7.46209 -3.24554 13.0692 -25.1495 4.58679 -14.0533 16.9922 -2.15149 0.379944 5.17273 -16.3376 -11.5856 5.59404 -18.457 23.9868 -4.13086 48.005 
49 14.6027 32.5635 -6.24151 32.5676 8.14362 -6.99921 -6.91681 2.75574 -0.801086 15.5869 -11.4761 -11.7554 13.0664 4.82537 -5.58929 21.2723 3.5614 -32.0343 8.21228 -4.10156 -5.37415 -1.67084 -1.85852 -16.3376 8.33629 27.2737 -16.6992 -13.5132 -7.93945 9.91908 
50 22.2198 31.6846 15.1452 5.0285 13.71 10.8719 13.591 -22.1466 0.956726 12.6572 -18.8004 -9.70459 -30.293 12.1496 -4.71039 13.3621 -10.5011 -5.08118 17.2943 -0.292969 -7.42493 -16.0263 13.3759 7.09991 38.805 1.49248 17.2852 -21.4233 -9.69727 11.9699 
51 -5.90515 -13.4326 11.0436 24.3644 8.72955 -21.0617 6.55975 -1.05286 4.17938 -2.57721 19.5786 -8.23975 -22.0898 -3.67073 -8.22601 -12.1262 -15.4816 -13.5773 2.93884 0 -2.44446 -4.60052 -1.27258 23.7991 40.5629 31.0823 -11.1328 1.13525 -38.1152 -19.0848 
52 4.64172 9.41895 -12.3939 15.2824 9.31549 16.1453 -3.69415 24.1425 -11.6409 -4.92096 -2.10114 15.7837 -9.19922 18.3019 0.563049 -12.7121 12.9364 15.4266 -7.31506 -9.96094 -6.54602 -0.205994 10.7391 5.3421 10.0941 -3.48799 -27.5391 15.4907 -22.5879 -18.4989 
53 -18.5028 -9.62402 -17.0814 0.340996 23.085 -21.9406 -0.764465 0.411987 -14.8636 24.3759 14.3051 -4.43115 -0.996094 -40.8778 -4.12445 22.1512 5.02625 16.8915 19.0521 -18.1641 9.27429 -16.0263 -2.15149 -2.27509 1.30504 -12.863 4.39453 -5.31006 -5.00977 24.5675 
54 -5.90515 8.54004 -19.4251 -14.3074 -22.0322 -20.4758 12.1262 15.3534 -9.00421 0.0595093 12.2543 4.06494 0.46875 -18.3192 6.71539 -17.1066 10.0067 -20.0226 11.7279 9.96094 -4.78821 -21.2997 15.1337 -13.1149 34.1175 -29.2692 -27.2461 -35.7788 -4.42383 -32.8544 
55 -1.51062 7.36816 -19.7181 -3.4676 -8.5556 6.18439 -23.0301 10.6659 14.7263 15.2939 -3.27301 -4.13818 2.8125 0.137868 13.7466 0.764465 16.1591 28.3173 12.3138 11.7188 3.12195 -21.2997 -4.49524 -4.32587 -20.3746 31.9612 32.5195 8.45947 -28.1543 22.2238 
56 -3.26843 -0.834961 -19.4251 2.09881 0.526428 -16.0812 -17.4637 1.29089 -6.95343 8.84857 18.4067 -14.0991 35.918 -16.8543 -17.0151 -12.1262 43.1122 7.22351 0.595093 3.22266 10.4462 -0.791931 0.485229 8.56476 -27.9918 -40.402 -17.8711 14.6118 -9.69727 9.91908 
57 1.1261 12.9346 25.3991 6.78631 -15.8798 11.1649 4.50897 12.4237 -3.43781 21.4462 -9.42535 16.0767 25.0781 -29.7449 22.5357 7.50275 19.6747 3.41492 7.33337 -4.6875 6.63757 3.01666 -3.61633 10.9085 -31.5075 8.23076 2.05078 4.06494 17.5488 2.88783 
58 2.59094 -19.585 -2.72588 -16.9442 -11.4853 -4.06952 5.97382 7.44324 1.24969 2.11029 -6.2027 19.5923 12.1875 15.6652 -1.7807 -11.2473 11.4716 -2.44446 5.57556 14.0625 7.51648 9.16901 -11.5265 3.58429 -10.9996 -37.7653 -17.5781 -29.3335 -2.66602 5.81752 
59 -0.338745 6.48926 3.42646 -12.8426 -9.43451 -26.0422 -14.241 4.22058 6.8161 8.84857 8.73871 -2.96631 -13.5938 -8.06526 -3.53851 23.909 5.31921 -8.5968 1.18103 7.91016 4.29382 19.1299 -16.214 2.41241 3.06286 -19.8942 -7.32422 -20.2515 -23.1738 -12.6395 
60 4.93469 -7.57324 25.9851 -0.53791 -17.9306 -3.48358 0.114441 -17.7521 3.88641 1.52435 -5.03082 5.52979 -34.3945 2.77459 -15.5502 0.178528 -11.38 -5.96008 -7.901 -16.4062 6.3446 -9.28802 -0.979614 2.99835 3.94176 6.17998 -2.63672 2.30713 0.556641 -16.7411 
61 -0.631714 -32.4756 10.4577 -15.7723 -0.352478 11.1649 -7.79572 -2.22473 -7.83234 -1.99127 -12.941 -5.31006 -1.58203 6.87615 -0.901794 19.8074 -8.15735 -19.1437 -9.65881 -4.98047 2.53601 12.6846 3.41492 4.17023 6.87145 -14.6208 16.9922 -4.43115 7.00195 8.45424 
62 -20.2606 29.0479 -17.9603 -25.1473 -2.69623 0.325012 -13.0692 4.51355 9.15985 8.26263 -16.4566 -14.3921 31.2305 -12.4598 17.5552 24.202 -25.7355 -37.0148 13.1927 -4.6875 -3.32336 -6.35834 -13.8702 -9.5993 -10.4137 -40.402 7.61719 10.2173 -25.5176 18.7081 
63 15.4816 -26.3232 -29.679 33.7394 18.1046 8.23517 20.0363 2.1698 5.64423 -8.14362 4.05121 -2.96631 -18.5742 -4.8426 0.270081 36.5067 -14.8956 6.93054 -4.67834 8.49609 7.51648 13.2706 12.7899 15.0101 16.8324 -15.2067 -11.1328 -12.9272 -11.4551 -1.79967 
64 -5.02625 16.7432 5.47724 -2.29572 6.97174 12.0438 -9.8465 1.87683 3.59344 4.45404 0.242615 3.77197 5.15625 -2.49885 -15.2573 4.28009 -14.8956 -29.3976 -2.33459 -32.5195 4.00085 -7.53021 7.51648 7.68585 -34.4371 -20.7731 -15.2344 -11.7554 10.5176 0.251116 
65 -24.9481 6.48926 5.47724 -8.44807 4.33502 -19.5969 5.68085 6.27136 -10.4691 25.2548 -17.0425 37.1704 -19.1602 -22.1278 28.688 -23.5519 -1.1261 -13.2843 -22.8424 6.44531 12.204 14.7354 -11.5265 17.6468 -31.2145 6.47295 17.2852 31.604 -21.416 -22.3075 
66 17.8253 2.3877 28.3288 15.2824 -23.204 -23.6984 1.28632 25.0214 -6.66046 -4.04205 -2.3941 -2.67334 -5.09766 -6.01448 30.1529 24.4949 10.0067 -13.8702 -5.55725 6.73828 11.3251 -2.54974 -1.56555 2.70538 -14.5153 17.8987 -4.39453 -4.72412 1.14258 -1.5067 
67 10.7941 16.1572 13.9733 23.1926 -15.8798 13.8016 -2.22931 12.7167 0.370789 4.16107 5.51605 -21.1304 7.20703 10.6847 3.49274 -13.0051 15.8661 -1.56555 5.86853 3.22266 3.41492 -0.498962 -5.96008 20.5765 -13.6364 -6.12471 1.75781 2.89307 3.19336 25.4464 
68 -18.2098 -2.59277 -10.0501 11.4738 6.3858 4.71954 20.6223 -4.27551 4.76532 -1.6983 1.70746 -3.25928 -8.90625 34.7082 12.5748 3.98712 -11.38 -30.2765 13.7787 -7.61719 7.80945 5.36041 5.75867 19.6976 -29.4567 20.2425 -25.7812 4.06494 17.5488 1.42299 
69 -4.44031 33.7354 0.496773 -12.2567 6.3858 -6.41327 14.7629 11.8378 7.40204 -7.55768 4.05121 2.89307 2.22656 2.48162 9.05914 -29.1183 25.2411 2.82898 8.79822 -3.51562 4.00085 -6.06537 4.58679 6.22101 -34.7301 -8.76142 -15.8203 -3.84521 -0.0292969 19.88 
70 -2.6825 16.7432 -8.58526 37.548 22.2061 19.075 -1.3504 14.7675 3.00751 2.9892 7.27386 -8.23975 -21.2109 -6.01448 4.95758 -9.78241 -13.7238 -6.83899 -5.85022 19.9219 -8.30383 -4.01459 5.4657 2.11945 -21.5465 5.88701 -34.8633 -17.9077 18.1348 14.0206 
71 4.64172 1.21582 3.42646 16.1613 23.9639 -40.3976 -8.67462 19.7479 8.28094 -6.09283 -16.1636 15.4907 -14.1797 -2.20588 -5.88226 -18.8644 33.7372 18.9423 -7.60803 4.6875 -15.3351 -11.0458 -0.979614 -16.6306 6.57848 -15.7927 7.03125 -14.6851 -11.4551 40.9738 
72 21.048 15.2783 8.40693 6.20037 8.43658 12.0438 -13.3621 2.1698 11.5036 -5.79987 9.91058 -2.38037 18.0469 1.60271 -23.1674 1.64337 10.0067 -15.921 20.224 3.22266 -4.49524 -8.70209 -3.32336 -1.10321 -41.4684 -8.76142 10.2539 11.9751 -14.3848 -12.6395 
73 12.2589 18.501 -22.6478 -6.39728 7.55768 -15.2023 -4.28009 9.49402 -9.00421 13.829 0.242615 -18.4937 8.37891 26.5051 -18.187 -25.8957 -8.74329 1.07117 -0.576782 2.34375 -0.979614 8.87604 6.3446 7.68585 63.4144 -2.31611 -36.9141 7.58057 -12.041 -2.97154 
74 -1.21765 -0.249023 -10.929 5.61443 10.1944 -4.94843 1.28632 -4.56848 5.35126 6.79779 -11.4761 -0.0366211 7.79297 22.1105 7.5943 18.6356 8.54187 5.17273 2.93884 0.878906 -3.0304 -9.58099 6.05164 -12.822 -56.9957 -22.531 18.75 -18.4937 15.2051 11.091 
75 7.27844 -2.59277 -6.82745 -21.3387 5.5069 -10.2219 13.884 -4.86145 -3.14484 -10.1944 3.75824 3.77197 -16.8164 0.723805 -22.8745 -14.7629 11.7645 -15.921 14.9506 -2.92969 -17.6788 10.9268 9.27429 -6.96259 -16.5661 29.6175 -35.7422 -30.5054 -3.25195 27.2042 
76 -1.21765 -8.74512 -0.968071 12.3527 4.04205 -3.77655 5.68085 11.8378 -7.2464 10.8994 -1.80817 -20.2515 -3.92578 -35.0184 -34.5932 3.10822 7.37 11.3251 0.302124 -9.66797 26.2665 -3.72162 16.3055 -3.44696 20.641 3.54326 0 29.5532 0.263672 13.4347 
77 -0.0457764 3.2666 -11.5149 34.6183 15.7608 2.08282 7.73163 10.6659 11.2106 1.23138 -9.13239 -10.8765 6.62109 14.2004 18.4341 -18.8644 28.1708 2.24304 8.21228 -12.0117 8.39539 -8.11615 -16.507 5.63507 -12.7575 -24.5817 12.8906 26.0376 -9.69727 -8.53795 
78 9.62219 -14.0186 5.47724 12.6457 30.9952 2.08282 -17.1707 18.576 1.83563 -9.90143 -1.22223 -13.2202 -16.5234 4.5324 18.4341 21.8582 7.37 -12.4054 10.849 0.878906 7.22351 18.837 -4.49524 2.70538 12.1449 -9.9333 -20.8008 -12.9272 9.05273 -11.7606 
79 10.5011 -5.81543 -7.99932 -9.034 -5.33295 -11.3937 5.09491 -1.34583 11.7966 11.1923 -18.2144 16.9556 8.37891 1.30974 21.9498 3.10822 -3.17688 10.4462 15.5365 5.85938 13.3759 6.53229 18.9423 -4.61884 15.0746 6.76592 23.1445 -15.564 -26.6895 -0.62779 
80 -15.5731 7.66113 -7.41338 11.4738 10.4874 -20.7687 -4.57306 33.5175 -9.59015 -12.8311 -9.42535 8.45947 -19.7461 3.65349 39.2349 -0.40741 -17.5323 14.8407 -19.0338 -2.34375 -2.15149 -25.9872 5.4657 5.63507 34.7035 3.83623 -18.457 17.2485 -32.8418 52.6925 
81 -5.61218 -5.81543 -12.1009 16.1613 -34.0439 -11.1008 17.9855 2.1698 6.52313 5.62592 -14.1129 12.561 -14.1797 0.137868 -5.00336 6.0379 10.0067 18.0634 -13.7604 -8.78906 4.58679 -18.0771 -18.2648 1.24054 -39.4176 -16.6716 13.1836 2.6001 -8.23242 8.45424 
82 -12.0575 -35.6982 0.203804 35.4972 -2.40326 -6.99921 -8.67462 3.34167 0.956726 25.5478 0.828552 13.7329 24.1992 -26.2293 14.9185 2.52228 30.5145 9.56726 2.93884 -15.8203 10.7391 -2.84271 -3.32336 7.68585 12.1449 13.5042 -2.34375 -19.3726 4.36523 0.544085 
83 -7.95593 21.4307 -9.1712 15.5754 28.3585 -0.553894 15.0558 13.5956 -11.055 1.81732 -14.4058 1.42822 21.5625 -10.702 14.9185 -15.9348 17.038 -0.100708 27.2552 0.878906 -7.7179 -10.1669 -0.393677 -9.01337 -11.2926 -12.57 20.5078 1.42822 1.14258 3.76674 
84 28.6652 -20.1709 -10.929 -6.98322 -4.74701 -6.1203 11.2473 8.90808 9.45282 -9.90143 13.7192 -8.23975 19.8047 -10.409 -2.95258 -7.43866 29.6356 19.2352 0.595093 1.17188 14.5477 10.0479 -35.8429 -2.27509 -3.38246 20.5355 -27.2461 25.4517 -6.18164 31.8917 
85 -10.5927 -11.3818 10.4577 -10.4988 18.6905 7.64923 7.73163 3.34167 -8.71124 -5.21393 -0.050354 12.561 -1.875 13.3215 -14.0854 3.98712 -50.6378 19.2352 4.98962 -20.8008 -5.96008 3.30963 1.95007 -9.01337 9.2152 11.4534 6.44531 -15.8569 -9.11133 -1.79967 
86 26.0284 -1.12793 16.903 20.8488 20.1553 -16.0812 19.7433 37.326 -0.215149 10.8994 -17.9214 -3.25928 3.69141 2.48162 -1.7807 -6.85272 -2.88391 -18.5577 15.8295 13.1836 -2.15149 21.4737 -8.30383 -6.37665 8.04332 -38.9372 -23.1445 -17.3218 13.4473 14.3136 
87 9.91516 -8.45215 14.5593 30.8097 11.9522 -4.94843 13.298 0.411987 -7.83234 4.45404 -16.4566 -9.70459 13.9453 18.8879 -4.71039 -14.4699 10.2997 19.2352 1.474 3.51562 6.05164 8.2901 -12.4054 -23.3688 13.3168 -25.1677 -23.4375 11.6821 -12.041 -10.0028 
88 13.1378 21.1377 -18.5462 28.173 4.33502 -22.2336 -6.33087 1.58386 3.88641 16.7587 -17.9214 10.2173 -20.918 25.6261 19.606 2.22931 19.3817 17.4774 9.38416 -0.878906 7.80945 -7.23724 1.36414 -14.8727 -7.48402 28.7386 -23.1445 7.2876 -4.7168 14.0206 
89 -26.12 -12.5537 6.94209 -9.32697 16.9327 -14.6164 16.2277 -15.9943 -21.0159 -26.6006 -15.5777 10.8032 38.5547 3.94646 42.7505 17.7567 -9.03625 -19.7296 20.224 3.51562 6.63757 -11.3388 3.70789 -0.810242 11.266 14.6761 6.44531 -13.8062 13.1543 22.2238 
90 14.0167 -20.1709 3.71943 2.97772 -19.6884 -4.06952 -13.0692 19.455 -28.0472 -9.31549 -3.27301 9.63135 26.8359 -2.20588 -3.24554 4.86603 -20.462 0.778198 -7.60803 6.73828 10.4462 -14.2685 4.00085 10.3226 7.16442 -7.00361 -1.46484 -8.53271 -7.93945 31.0128 
91 3.17688 -4.05762 11.0436 33.4465 1.11237 1.78986 -21.5652 16.2323 -13.1058 6.50482 -12.648 -0.0366211 -0.703125 7.16912 26.9302 28.5965 -0.540161 -22.9523 -11.1237 -9.375 0.192261 9.75494 -12.6984 -12.822 2.18395 14.0901 9.96094 -2.0874 -5.00977 5.23158 
92 -19.3817 -27.4951 11.9226 -25.4403 10.7803 -9.34296 16.5207 10.9589 -3.14484 -3.16315 -7.37457 -17.9077 3.69141 -38.827 16.0904 -11.8332 -8.45032 5.75867 -11.4166 -0.878906 12.204 -16.9052 -2.44446 7.39288 27.9652 36.0628 -14.6484 -10.2905 24.2871 -12.9325 
93 -0.0457764 21.7236 -8.58526 10.009 19.5694 -7.29218 -6.91681 -9.84192 -0.801086 26.4267 5.51605 8.1665 6.62109 -25.3504 18.7271 16.8777 8.54187 25.3876 -4.09241 31.3477 8.10242 -8.11615 -10.3546 -10.4782 -3.96839 -15.7927 -1.17188 -12.6343 -1.78711 -22.8934 
94 -17.6239 -11.6748 -21.7689 -28.6629 17.5186 -8.17108 8.31757 15.3534 8.57391 -6.67877 -9.13239 -3.55225 -9.78516 -30.0379 -14.9643 -14.7629 14.9872 19.5282 8.50525 -8.20312 24.8016 6.53229 -6.83899 -20.4391 -17.445 14.3831 -4.39453 -7.65381 2.60742 -5.90123 
95 -5.61218 -13.4326 -21.4759 -3.4676 20.7413 -6.99921 -6.91681 0.704956 -6.95343 -1.11237 7.8598 6.70166 25.3711 -3.08479 4.07867 14.827 -14.8956 30.0751 -12.8815 14.3555 -9.47571 -11.6318 0.485229 6.80695 -15.6871 8.23076 -6.73828 -14.3921 -17.0215 -5.60826 
96 -2.6825 -34.8193 13.6804 23.7785 6.67877 7.35626 -3.98712 8.02917 10.6247 7.09076 14.5981 12.561 -12.7148 10.9777 -7.34711 0.178528 19.3817 23.3368 -19.0338 2.92969 -8.01086 -1.67084 3.41492 -1.68915 -14.5153 -11.1052 -6.73828 -30.7983 8.75977 -21.4286 
97 -19.6747 -7.86621 0.789742 -4.63947 11.3663 -7.29218 -5.159 -6.91223 0.370789 0.0595093 1.41449 26.9165 2.8125 -12.7528 -2.65961 -0.700378 0.631714 20.993 -4.67834 -4.98047 -6.25305 7.99713 -23.2452 24.678 -7.77699 -4.36689 4.6875 -17.6147 5.83008 -9.41685 
98 16.6534 -4.05762 1.08271 12.0597 -40.7822 22.8836 -0.178528 16.5253 -13.6917 3.57513 5.22308 14.9048 -26.7773 -7.77229 -22.2885 8.67462 -9.32922 16.3055 21.6888 -10.2539 -3.9093 1.25885 2.82898 1.82648 3.06286 19.0706 9.08203 -31.6772 -1.20117 16.0714 
99 23.6847 3.2666 12.5085 12.3527 -22.3251 -2.01874 5.38788 -7.2052 -9.59015 -1.99127 10.2036 4.35791 0.46875 -7.47932 3.19977 -14.4699 10.5927 25.3876 0.595093 9.08203 18.9423 3.89557 6.3446 -3.15399 -16.859 14.3831 -38.9648 -6.48193 27.8027 27.4972 
100 10.7941 -11.6748 1.66865 -4.3465 3.74908 14.3875 9.48944 4.51355 12.3825 -13.71 -6.78864 9.04541 -7.73438 -35.0184 -13.2065 10.1395 -1.71204 40.036 13.4857 6.73828 1.36414 -7.23724 -7.7179 -9.30634 -50.5504 4.71514 31.3477 9.63135 5.53711 14.3136 
101 -13.2294 -31.8896 1.08271 13.5246 -5.62592 3.54767 0.114441 16.8182 7.40204 3.57513 15.184 3.77197 -7.14844 2.18865 16.3834 12.7762 -3.46985 2.82898 2.35291 0.292969 2.82898 -13.6826 -20.6085 -14.8727 5.40661 10.8675 -5.85938 31.604 -20.8301 1.13002 
102 -26.7059 -21.9287 36.5319 7.07928 6.3858 4.42657 1.28632 0.411987 -1.38702 0.352478 -12.355 0.549316 6.91406 -21.8348 3.78571 7.20978 -25.1495 -0.979614 -14.9323 -19.9219 -1.27258 13.8565 -8.30383 -1.98212 -38.2457 -32.7849 -0.878906 -12.3413 -6.18164 -2.09263 
103 18.1183 -18.1201 1.37568 19.6769 4.92096 -22.5266 1.87225 12.1307 -9.88312 5.03998 -16.4566 -6.48193 1.34766 25.3332 -9.39789 2.52228 17.038 28.3173 21.1029 -4.98047 14.2548 -4.01459 8.98132 1.82648 -6.89808 -12.277 -19.043 27.7954 10.8105 -11.4676 
104 -19.0887 -8.45215 7.23505 -0.53791 12.8311 -1.13983 -16.2918 5.09949 0.0778198 18.2236 1.12152 19.2993 -7.44141 -6.30744 -3.83148 38.8504 0.924683 13.3759 -4.09241 6.73828 -6.25305 -9.58099 3.12195 12.0804 -52.6012 -36.8864 6.15234 0.549316 13.7402 19.5871 
105 4.05579 2.97363 -18.2532 1.2199 11.9522 -2.60468 7.14569 4.51355 2.42157 7.96967 -2.98004 12.561 2.8125 20.3527 -31.6635 16.5848 2.6825 -7.7179 4.11072 -5.56641 -5.37415 -9.58099 -6.25305 -12.529 -18.9098 -28.0974 -8.20312 -9.41162 -26.1035 16.9503 
106 17.8253 0.629883 -23.8196 -9.61994 2.57721 5.59845 3.63007 -6.91223 8.28094 1.23138 2.58636 -11.4624 15.7031 -15.0965 -0.315857 -9.48944 -2.59094 1.36414 -20.4987 -2.34375 16.0126 2.43073 10.1532 11.4944 -8.65589 16.7269 2.92969 -26.4038 -2.66602 14.6066 
107 -14.1083 22.8955 -17.0814 -13.7215 -19.1025 9.40704 -1.64337 -13.6505 4.76532 1.81732 9.61761 -14.3921 0.46875 2.48162 -27.562 5.45197 -2.005 9.86023 -1.16272 9.375 13.9618 -10.1669 0.485229 -11.6501 2.47692 29.9105 -8.20312 -13.2202 -8.52539 26.9113 
108 -16.1591 -19.8779 11.0436 11.4738 -12.6572 -34.2453 -6.0379 -2.81067 11.5036 -3.45612 -12.0621 -12.0483 19.8047 14.2004 -14.6713 -29.4113 -21.6339 10.1532 8.50525 -7.03125 15.7196 -4.30756 -25.296 20.2835 9.50817 -30.4411 -16.6992 -13.5132 -11.748 29.255 
109 2.59094 -10.7959 -4.77666 -8.74103 7.85065 -19.3039 -9.55353 -1.93176 -6.36749 -10.1944 -9.71832 -1.79443 3.98437 5.41131 -13.4995 1.3504 1.21765 -9.18274 -5.55725 12.0117 22.1649 0.379944 12.4969 0.0686646 9.80114 12.0394 -38.3789 -9.41162 -24.0527 -0.0418527 
110 11.087 1.80176 7.82099 -7.27619 -0.0595093 -14.3234 22.673 3.63464 5.05829 -3.45612 -5.03082 -20.8374 -28.5352 -18.6121 -11.1557 14.534 2.38953 24.5087 4.11072 15.5273 9.56726 -3.13568 -11.2335 5.63507 17.7113 -7.58955 -20.2148 -10.8765 -12.041 -6.1942 
111 -17.3309 -1.4209 -7.99932 -17.8231 -18.2236 -6.99921 -2.52228 3.34167 -9.29718 -7.85065 12.5473 -9.99756 -5.68359 20.3527 -20.5307 11.8973 -4.64172 7.51648 17.5873 -12.3047 6.63757 -22.4716 2.24304 0.361633 -25.9411 16.7269 19.043 6.40869 14.3262 -3.26451 
112 -32.2723 -3.17871 -1.26104 21.1418 -16.1728 5.01251 16.2277 -12.1857 -6.66046 -0.819397 23.0942 -0.0366211 1.93359 -16.5614 -3.24554 -21.7941 -29.2511 10.4462 2.64587 2.92969 1.95007 -0.791931 -0.393677 1.24054 15.9535 -11.3981 -2.34375 21.0571 6.70898 0.251116 
113 29.2511 13.2275 -6.82745 2.68475 29.2374 -1.72577 8.31757 -12.4786 -4.02374 3.28217 -15.8707 16.6626 11.0156 -36.4832 -0.901794 -47.5754 3.85437 -2.15149 -5.85022 3.51562 -0.686646 -6.06537 -2.73743 3.29132 -4.55433 -19.8942 17.2852 -3.84521 -9.69727 5.52455 
114 25.4425 29.6338 8.99287 7.37225 22.7921 -4.06952 6.55975 -13.6505 8.28094 -33.046 15.77 -4.43115 -6.26953 1.30974 9.64508 3.40118 3.26843 28.0243 22.2748 1.46484 -5.66711 -25.9872 -10.9406 5.3421 10.68 -21.652 -11.7188 -14.0991 -51.2988 18.4152 
115 42.7277 9.71191 -27.9212 3.27068 -9.14154 -8.17108 -2.52228 3.92761 -2.85187 2.69623 5.80902 16.9556 12.1875 -9.82307 -2.07367 -3.92303 3.26843 1.95007 16.4154 -11.1328 -4.49524 -1.96381 -3.32336 2.41241 -16.859 -7.58955 5.56641 -13.2202 11.6895 -0.334821 
116 -21.1395 -10.5029 21.8835 -2.29572 4.62799 -11.6867 4.216 18.2831 -9.88312 -9.02252 4.34418 -27.5757 -19.4531 27.6769 26.3443 7.20978 24.3622 11.618 0.888062 -9.08203 7.22351 1.25885 2.53601 -23.3688 -14.5153 -17.8435 -31.9336 -21.1304 19.0137 -3.55748 
117 48.587 13.5205 -20.597 7.95818 9.02252 19.368 5.97382 17.4042 10.9177 1.52435 1.70746 -5.01709 -4.21875 -4.8426 8.47321 11.6043 5.90515 -5.08118 2.64587 5.56641 -8.30383 11.2198 -7.13196 -16.0446 41.4418 -22.238 -3.22266 -7.94678 26.3379 -23.4794 
118 3.46985 -1.71387 9.87177 6.49334 -8.5556 12.0438 2.75116 -3.39661 1.54266 -15.7608 4.63715 -0.915527 25.3711 -4.54963 6.71539 -6.85272 41.3544 -9.47571 -3.50647 13.4766 2.53601 1.25885 -0.979614 5.3421 10.973 17.3128 3.80859 26.3306 -17.9004 33.9425 
119 10.7941 1.21582 0.203804 5.61443 -11.1923 -13.1516 -5.74493 -1.05286 -25.7034 0.352478 8.15277 -12.9272 -16.8164 1.60271 -19.0659 20.1004 -1.41907 23.9227 -25.1862 -4.98047 15.7196 -16.6122 -2.73743 -1.98212 -2.21058 -37.7653 -13.4766 -31.6772 -21.709 13.1417 
120 26.3214 -27.2021 6.64912 6.49334 -7.96967 0.0320435 1.57928 7.15027 -7.83234 -24.2569 6.68793 5.82275 16.582 -25.3504 8.47321 8.38165 8.83484 15.1337 24.0326 -19.6289 2.24304 2.43073 7.80945 -6.37665 26.5004 -11.6911 -10.5469 7.58057 16.9629 -0.0418527 
121 5.22766 -5.52246 -8.29229 -10.4988 -14.415 2.08282 2.16522 -4.56848 4.17938 -4.92096 -1.5152 9.63135 -2.75391 16.5441 -23.1674 38.2645 -18.4113 20.7001 18.4662 -10.5469 -0.393677 -5.47943 -34.671 -3.15399 -14.5153 -15.7927 5.85938 -28.4546 -12.627 11.091 
122 -16.452 -0.249023 -17.6673 15.8683 -19.9814 -6.41327 10.9543 -13.3575 -2.26593 0.0595093 10.4965 -1.2085 -21.5039 -11.8739 2.61383 9.26056 -9.03625 20.993 -2.04163 4.39453 16.8915 -13.6826 -18.2648 7.68585 9.2152 -4.95283 11.1328 -1.2085 -19.0723 15.4855 
123 -22.8973 5.02441 -14.1517 38.134 -10.6064 6.47736 -4.86603 -2.22473 1.54266 6.50482 2.87933 -5.31006 12.7734 0.430836 15.5045 -27.3605 -3.17688 1.6571 -7.60803 -21.3867 4.87976 6.53229 1.36414 17.6468 -44.1051 2.66436 7.03125 -7.65381 25.459 34.5285 
124 4.05579 16.4502 9.5788 3.27068 16.9327 -25.7492 15.3488 16.2323 -0.508118 -8.43658 23.9731 -13.8062 1.34766 -8.94416 -3.83148 -3.63007 -20.1691 -8.30383 2.05994 12.8906 -0.100708 -2.54974 -4.20227 -6.66962 -7.48402 18.1917 -7.91016 3.77197 0.263672 8.74721 
125 13.4308 3.2666 -13.5657 -7.56916 2.57721 -21.0617 -11.3113 -2.22473 -19.2581 5.33295 -3.27301 -11.7554 -7.73438 -0.155101 -9.98383 -8.31757 -0.540161 -32.9132 -4.67834 14.0625 -0.100708 -1.37787 -24.1241 -9.01337 29.43 -23.4099 3.22266 -5.60303 -6.18164 1.71596 
126 -19.9677 -16.6553 13.9733 2.39178 19.8624 18.1961 -3.98712 -4.86145 -5.19562 -21.9131 14.3051 -14.3921 -11.543 -18.0262 -24.9252 -31.1691 -12.8448 -7.13196 -2.92053 -4.6875 -5.08118 -6.35834 11.0321 -3.15399 -6.89808 -16.0856 30.4688 -2.67334 -17.9004 36.2863 
127 -19.3817 5.61035 13.9733 -4.63947 -1.81732 -8.46405 12.1262 18.2831 -0.215149 -5.5069 3.1723 -14.0991 12.7734 -7.77229 -0.608826 21.8582 0.0457764 6.05164 -1.74866 7.91016 -0.393677 -8.70209 -5.37415 4.17023 -4.55433 -6.12471 -4.98047 -19.6655 11.9824 -4.72935 
128 10.5011 -0.834961 12.5085 -18.702 9.02252 1.49689 -9.8465 -7.2052 -0.508118 0.0595093 2.2934 24.5728 8.08594 -10.116 12.2818 4.57306 9.12781 23.0438 -4.67834 9.66797 -16.7999 5.36041 2.24304 -21.3181 -7.48402 31.9612 -1.75781 16.6626 -33.1348 -5.90123 
129 1.71204 -0.541992 19.5397 15.2824 5.5069 -6.1203 -2.22931 8.32214 3.30048 -2.87018 -10.0113 23.1079 6.03516 5.99724 -23.1674 -10.0754 -2.29797 -18.8507 2.64587 12.5977 1.6571 -7.23724 6.93054 3.58429 -18.3239 -24.2888 -14.0625 9.63135 -38.1152 0.544085 
130 4.64172 12.9346 -2.13995 -2.29572 36.2686 15.5594 15.3488 8.02917 -9.29718 -13.1241 -5.61676 -1.2085 -19.1602 4.82537 -9.98383 21.2723 13.5223 18.3563 6.45447 -19.9219 2.53601 24.4034 3.41492 4.17023 -25.0621 -29.8552 2.34375 12.2681 -46.9043 19.5871 
131 -0.0457764 2.09473 -10.3431 9.716 11.0733 -10.2219 15.6418 -11.8927 3.30048 -16.0538 -7.66754 1.72119 -0.703125 9.80584 -20.8237 25.6668 7.95593 9.27429 -4.09241 -4.6875 21.579 -2.54974 -3.0304 -14.8727 11.8519 12.0394 24.9023 -7.65381 0.556641 -16.1551 
132 22.2198 19.9658 4.0124 -9.32697 0.819397 -5.24139 -8.67462 2.46277 11.2106 8.84857 11.0825 13.4399 -15.3516 6.58318 -3.53851 11.3113 -28.0792 16.0126 -11.4166 7.91016 -2.73743 1.55182 -2.73743 -5.49774 -20.9606 -8.46846 -18.1641 -17.9077 19.3066 33.3566 
133 -11.4716 -17.8271 6.94209 0.0480277 -25.5478 -14.0305 -9.8465 5.97839 -11.348 -10.4874 3.1723 -25.2319 -6.5625 -7.77229 10.231 8.08868 -0.83313 10.7391 2.05994 -12.8906 -0.100708 -9.58099 14.5477 -5.20477 10.0941 11.4534 -30.4688 22.229 -8.81836 8.16127 
134 14.8956 24.9463 -15.0306 -14.8934 14.003 -19.8898 -2.52228 -4.27551 -6.07452 7.38373 4.93011 -14.3921 21.8555 15.9582 -24.0463 -5.68085 10.0067 -20.0226 9.67712 -30.1758 6.63757 7.99713 -9.76868 -10.7712 -28.8707 -0.851268 -6.15234 7.87354 0.556641 -23.7723 
135 -8.83484 6.19629 -4.77666 39.3058 14.296 5.01251 3.04413 24.1425 7.98798 -8.14362 -25.2457 4.65088 -33.2227 27.091 -9.98383 -3.63007 6.78406 18.0634 2.35291 -11.4258 2.24304 -13.3896 4.87976 -6.66962 -6.60511 -4.95283 12.0117 16.3696 -38.9941 15.1925 
136 -12.6434 -19.585 15.1452 1.2199 -13.829 -6.70624 -15.4129 10.9589 16.4841 -19.8624 4.93011 12.2681 -17.6953 -13.9246 -10.5698 1.93634 -16.9464 39.1571 -9.95178 22.8516 -6.25305 -28.038 12.204 -18.0954 7.16442 -16.3786 -4.39453 18.4204 -9.99023 -10.8817 
137 7.27844 -9.33105 15.7311 0.340996 8.14362 -13.1516 0.700378 15.0604 17.6559 9.14154 6.10199 -21.7163 2.22656 4.82537 14.6255 8.67462 25.5341 7.22351 2.05994 4.6875 14.2548 -2.84271 -11.2335 0.0686646 -8.36293 1.19951 -19.3359 -2.38037 -18.4863 -8.24498 
138 -17.3309 -35.4053 -5.06963 3.27068 -11.1923 -8.46405 4.80194 -4.56848 -4.02374 -5.79987 10.4965 -1.2085 -26.4844 -0.155101 -2.07367 11.0184 5.61218 -3.9093 6.45447 -9.375 -21.1945 -2.84271 0.192261 4.4632 -13.0504 10.2815 7.32422 -38.1226 -22.8809 -3.85045 
139 16.3605 14.3994 -1.84698 -9.32697 21.0342 25.8133 -18.6356 5.97839 12.0895 10.3134 -6.2027 -5.31006 12.4805 -1.61994 36.3052 6.91681 2.97546 45.6024 -14.6393 -17.5781 2.24304 12.9776 -3.0304 3.29132 13.9027 -24.2888 22.8516 4.06494 5.24414 32.4777 
140 -2.97546 -4.35059 -4.77666 -3.4676 18.3975 21.4188 -10.7254 18.2831 0.663757 3.8681 8.15277 -10.2905 0.175781 23.5754 -7.34711 20.3934 -2.59094 10.4462 -6.72913 -5.85938 -7.13196 -6.65131 -14.4562 -15.4587 -14.5153 24.0511 1.46484 -26.6968 5.83008 -10.5887 
141 9.03625 -6.40137 -1.26104 -2.88166 -22.9111 7.35626 -2.81525 0.411987 -8.41827 -5.79987 9.32465 -12.9272 -10.957 2.48162 31.9107 -23.8449 29.9286 -17.6788 -0.869751 -4.10156 -5.96008 -11.6318 7.80945 12.3734 -2.50355 -9.34736 -4.39453 -9.70459 -22.5879 18.4152 
142 -53.6591 7.9541 -7.70635 10.009 -9.14154 17.0242 0.993347 -12.4786 -1.09406 0.645447 6.10199 6.70166 3.39844 15.3722 15.5045 -4.80194 0.0457764 1.6571 6.74744 0.292969 -12.6984 3.89557 3.41492 15.303 -3.38246 -35.1286 -12.5977 -11.4624 28.6816 51.2277 
143 3.76282 26.7041 11.0436 6.49334 9.31549 7.9422 10.3683 -2.5177 -10.4691 5.91888 5.22308 10.5103 -1.28906 -44.3934 -0.901794 -3.92303 11.4716 35.0555 -1.45569 -5.56641 -7.42493 -4.30756 -8.01086 5.63507 -8.06996 9.98858 -21.3867 9.63135 -14.9707 7.57533 
144 9.91516 -16.3623 -8.58526 6.20037 -17.3447 -11.9797 5.97382 -7.2052 -1.97296 4.16107 23.3871 -2.0874 2.51953 24.1613 7.88727 20.6863 17.6239 -21.7804 10.2631 4.6875 10.4462 -2.84271 -3.32336 1.53351 0.426136 -23.9958 31.9336 0.549316 -7.35352 1.71596 
145 -21.7255 5.02441 7.82099 -7.56916 -26.7197 12.6297 5.68085 0.119019 18.5349 -21.6202 -5.61676 -1.2085 -2.16797 15.6652 -13.7924 23.3231 -10.7941 1.36414 16.7084 -15.8203 -23.8312 1.25885 -4.49524 3.29132 -11.5856 -1.43721 -6.44531 19.2993 -30.2051 61.1886 
146 2.29797 -21.0498 25.6921 6.49334 -4.45404 -3.77655 -0.471497 -1.63879 -4.02374 3.8681 11.3754 -12.3413 27.7148 12.4426 -13.7924 7.20978 11.1786 27.4384 -2.33459 -13.4766 8.68835 15.6143 3.41492 -14.2868 -6.01918 -38.3513 -0.585938 -32.5562 -8.52539 16.3644 
147 9.91516 -14.6045 -2.43291 -14.8934 -21.1533 -10.5148 5.09491 1.87683 -0.215149 -6.67877 -5.32379 7.58057 -4.80469 22.4035 22.2427 -33.5129 -10.2081 -4.78821 -1.16272 2.92969 -0.979614 -1.0849 -12.9913 11.7874 36.1683 -0.26533 -48.0469 11.3892 -4.13086 4.35268 
148 -12.0575 -25.4443 27.7429 -24.2684 5.21393 1.78986 16.5207 -5.15442 -1.97296 -17.2256 -7.66754 -18.2007 -18.2813 10.9777 6.42242 -10.3683 0.924683 -5.08118 -10.8307 -5.27344 0.192261 -2.25677 -8.5968 -3.73993 -25.6481 7.93779 2.63672 -8.82568 9.3457 9.62612 
149 -3.26843 6.78223 -6.53448 -21.0457 4.92096 -5.82733 -1.93634 -1.63879 -2.26593 8.5556 6.9809 -11.7554 23.3203 5.70427 3.49274 -3.92303 -16.6534 1.95007 25.2045 14.0625 -18.8507 -14.5615 -12.9913 -13.1149 -12.1715 -4.95283 13.1836 5.82275 2.60742 31.5988 
150 18.1183 -2.88574 11.9226 -4.3465 -0.0595093 -8.75702 0.114441 -2.81067 12.6755 0.938416 20.7504 -1.79443 6.91406 -3.08479 -17.308 -10.0754 7.66296 -2.15149 1.474 -12.5977 21.579 8.87604 -10.9406 -13.1149 3.94176 29.0315 -19.9219 -12.3413 -1.78711 6.9894 
151 -6.19812 3.55957 12.8015 -6.10432 17.2256 17.6102 11.5402 -23.0255 5.35126 16.4658 -11.7691 11.0962 -9.49219 -6.89338 -7.93304 -11.2473 5.02625 -6.83899 24.3256 2.34375 0.192261 7.11823 4.58679 10.3226 -29.4567 17.0198 3.51562 -10.8765 24.2871 40.6808 
152 6.39954 8.54004 4.8913 10.009 -11.1923 6.18439 2.75116 0.411987 -1.67999 -17.5186 4.34418 -18.4937 34.4531 0.137868 -12.6205 -6.85272 10.8856 20.993 -15.8112 -1.46484 -4.20227 -6.65131 8.98132 -0.810242 -7.77699 -26.9255 -51.5625 -22.0093 -4.42383 -12.3465 
153 14.6027 3.55957 -10.0501 -10.4988 -22.6181 4.71954 -8.67462 18.576 9.45282 -18.3975 -4.73785 -5.31006 9.84375 31.1926 14.9185 -1.57928 22.6044 20.7001 19.931 2.63672 4.58679 -11.0458 -4.78821 -11.0641 4.5277 -16.9645 9.66797 13.147 24.873 2.00893 
154 20.462 -2.88574 -0.968071 -6.39728 30.1163 -14.9094 -2.52228 -9.84192 -8.12531 8.5556 6.9809 -6.18896 2.22656 13.9074 -0.315857 -13.298 32.5653 -8.88977 14.9506 0.585938 17.4774 8.2901 6.05164 4.17023 10.973 2.66436 -14.6484 -2.38037 -5.30273 -2.3856 
155 -14.9872 -0.541992 25.6921 23.1926 24.2569 3.84064 5.97382 -7.49817 -13.3987 -7.55768 2.58636 -12.0483 -15.9375 -9.5301 -9.69086 13.0692 16.1591 6.05164 12.0209 -19.043 14.2548 13.8565 8.10242 -18.6813 -19.7887 -2.60908 29.2969 2.6001 -46.6113 -11.4676 
156 28.6652 -15.7764 15.7311 -4.05353 26.8936 -10.8078 -6.0379 -17.4591 -6.07452 13.829 -9.71832 16.6626 3.69141 4.5324 -2.95258 -20.6223 -6.39954 -20.6085 3.23181 -11.4258 16.3055 -14.2685 -8.30383 1.53351 13.6097 -26.0466 3.80859 -6.18896 -35.7715 -5.60826 
157 1.41907 25.8252 49.4226 -11.9637 14.8819 -4.36249 -27.7176 13.0096 -8.71124 9.43451 11.3754 2.30713 8.37891 20.0597 -39.2807 -0.40741 8.83484 14.5477 5.86853 0.878906 -23.2452 -13.0966 -3.9093 -16.9235 13.3168 -29.8552 31.9336 -3.55225 -9.99023 15.1925 
158 29.2511 13.5205 13.3874 12.0597 30.4092 4.42657 -8.67462 13.5956 10.0388 7.96967 4.63715 0.842285 -16.8164 -7.47932 -0.901794 -8.0246 -12.2589 -23.2452 -12.5885 -10.8398 17.7704 -12.8036 5.4657 -7.84149 26.2074 -5.2458 14.9414 -14.978 -5.88867 2.59487 
159 -19.3817 -25.1514 -0.675102 -15.1863 23.9639 -16.9601 0.993347 17.1112 -4.60968 -11.3663 -8.83942 14.0259 36.5039 25.9191 -2.07367 1.3504 16.1591 10.4462 5.28259 27.2461 -8.5968 2.43073 -20.6085 -16.9235 -9.82777 -14.0349 16.4062 26.3306 -14.0918 -13.2254 
160 -10.0067 5.61035 -9.46416 2.09881 -4.74701 -6.70624 19.1574 -22.4396 11.5036 -7.55768 -11.7691 22.522 -30.8789 8.63396 16.3834 -9.48944 3.5614 0.778198 3.81775 -17.8711 -2.44446 -8.70209 -7.13196 -6.37665 -6.89808 -12.863 -15.2344 -29.3335 -8.81836 12.5558 
161 13.1378 -3.47168 31.2585 -26.6121 4.33502 -17.8391 3.04413 2.1698 -4.02374 -14.5889 5.22308 -9.41162 19.5117 4.23943 -19.3588 -39.3723 8.54187 5.75867 -13.1744 -13.1836 -9.18274 4.77448 -8.88977 -6.96259 -9.5348 1.78545 19.3359 -6.48193 -47.1973 -3.26451 
162 2.88391 -16.0693 8.99287 -19.8738 -4.74701 4.13361 16.8137 8.90808 -0.801086 -14.003 -4.73785 13.147 -9.19922 -10.9949 8.47321 -18.5715 -13.7238 -3.61633 5.57556 11.1328 -0.686646 21.4737 -21.7804 -4.9118 25.0355 -9.34736 14.0625 12.2681 -17.9004 25.7394 
163 12.2589 -26.9092 -7.99932 -2.88166 16.9327 -8.75702 5.38788 -28.299 12.9684 12.3642 20.7504 3.479 8.67187 20.3527 15.7974 16.2918 -8.15735 24.5087 9.67712 2.92969 -6.83899 -5.47943 -3.61633 -16.6306 -8.94886 -22.8239 13.1836 -3.25928 -13.5059 -8.53795 
164 21.048 5.61035 7.82099 -23.0965 2.28424 8.52814 -5.74493 -0.466919 -1.67999 4.16107 4.34418 -2.67334 14.5312 5.70427 -21.1166 18.9285 -26.9073 -20.3156 11.142 7.03125 6.3446 -36.5341 13.0829 5.3421 8.04332 6.76592 -2.63672 -7.65381 16.084 -6.1942 
165 -17.9169 13.8135 -18.2532 -12.5496 21.3272 1.49689 -11.8973 -3.10364 1.54266 10.0204 0.828552 -14.0991 0.175781 2.48162 24.5865 -1.57928 -21.3409 -13.8702 -6.43616 -22.2656 -6.25305 -14.8544 -11.8195 12.0804 10.973 -24.2888 -2.34375 16.0767 -24.3457 6.9894 
166 -7.37 15.2783 -14.1517 -11.9637 14.8819 3.2547 2.16522 16.5253 6.52313 2.9892 4.34418 3.77197 -17.4023 -12.7528 -11.7416 -11.8332 19.9677 -17.0929 -5.55725 -7.32422 -8.30383 -10.4599 0.778198 4.17023 1.30504 16.7269 7.61719 -30.2124 -13.5059 16.6574 
167 -1.80359 10.8838 -6.24151 1.80584 2.57721 -36.0031 6.55975 -5.44739 12.6755 -9.02252 -16.7496 7.87354 1.34766 12.4426 9.05914 -26.7746 37.8387 -8.5968 15.5365 -6.44531 -2.15149 4.77448 -11.5265 -9.5993 -28.5778 -8.76142 6.73828 -5.896 -6.76758 -26.995 
168 1.71204 -2.88574 1.08271 -7.27619 -10.3134 -15.7883 8.0246 -3.98254 -18.3792 0.938416 -22.6089 7.2876 18.3398 13.0285 10.817 6.33087 -34.5245 -29.1046 6.74744 -16.4062 -2.15149 -2.25677 4.29382 2.41241 -34.4371 -19.6013 16.4062 -2.96631 9.3457 20.466 
169 -23.1903 9.71191 4.30537 0.340996 -10.0204 2.66876 5.97382 15.0604 4.47235 -17.2256 -4.73785 -3.55225 -3.04688 12.4426 -2.65961 17.7567 14.1083 15.4266 7.62634 -10.5469 -15.921 9.16901 -15.6281 2.41241 -37.6598 -23.9958 7.61719 16.6626 -18.4863 38.63 
170 11.38 -36.5771 -10.0501 -1.12385 7.26471 -21.3547 -1.05743 -2.81067 -5.48859 -15.7608 -10.3043 -15.564 -23.2617 20.0597 -12.0346 20.3934 10.0067 12.4969 2.35291 3.22266 0.485229 -5.47943 -22.9523 17.0609 15.6605 -19.0153 -11.4258 9.92432 9.3457 -0.334821 
171 16.9464 21.1377 0.789742 20.2629 18.1046 -9.92889 -1.64337 -10.7208 -22.7737 -13.71 4.34418 -10.8765 -26.1914 -5.42854 -4.71039 -2.16522 -19.2902 2.82898 7.04041 -11.4258 -1.27258 -1.67084 -9.76868 -4.32587 -20.3746 -5.2458 6.44531 11.0962 -4.42383 -2.67857 
172 9.32922 5.02441 -11.222 0.926934 -21.1533 -22.8195 20.0363 -8.67004 6.52313 -2.87018 0.828552 -6.48193 -2.46094 -37.0692 -0.315857 12.7762 36.3739 7.80945 -8.77991 -12.3047 -5.96008 -3.42865 -16.214 -0.810242 -19.4957 11.7464 -11.4258 -0.32959 -13.2129 -24.3583 
173 -13.8153 -28.374 30.0866 8.54412 -37.8525 -25.7492 -1.3504 -1.63879 10.3317 -3.16315 26.0239 -2.38037 12.1875 3.94646 35.4263 8.96759 -9.03625 6.93054 -1.74866 10.2539 1.95007 -8.40912 -8.5968 0.947571 -30.3356 -3.48799 3.22266 -8.53271 22.8223 -41.9364 
174 -15.8661 12.6416 0.789742 -3.76057 0.526428 -29.2648 -24.4949 0.704956 -1.09406 16.1728 -14.6988 2.01416 16.875 8.92693 20.7779 15.4129 -17.8253 -1.85852 24.6185 0.292969 9.86023 12.0987 10.7391 -3.73993 -21.5465 -49.1911 6.73828 2.01416 -2.08008 37.7511 
175 -9.71375 -17.2412 -10.929 8.25115 16.0538 7.06329 12.4191 -13.9435 -18.6722 3.28217 3.1723 -2.38037 15.1172 -26.2293 -15.2573 4.57306 7.07703 -8.5968 -0.283813 13.1836 17.7704 4.18854 6.63757 16.4749 -40.0036 -10.5192 9.375 -0.915527 -10.8691 -1.21373 
176 6.98547 -28.667 -20.8899 -4.93244 -10.0204 -37.175 -8.38165 8.02917 -3.43781 -3.16315 3.1723 -26.9897 -21.2109 -3.37776 -11.7416 -3.92303 7.95593 -0.100708 12.6068 -1.17188 -19.4366 -6.65131 15.4266 -4.0329 21.5199 0.320607 -27.5391 -11.1694 -35.4785 14.0206 
177 -2.97546 10.8838 1.96162 9.716 4.04205 20.5399 -11.6043 -12.1857 -16.0355 6.21185 -4.44489 -7.65381 4.86328 14.2004 -14.0854 -15.0558 26.12 -12.1124 11.142 -8.78906 6.63757 -4.60052 -15.921 0.0686646 27.0863 9.10967 -16.6992 -6.48193 4.95117 43.3175 
178 0.247192 7.36816 1.66865 10.009 -7.96967 13.2156 17.6926 0.704956 2.42157 12.3642 -17.0425 7.2876 19.2187 -5.42854 22.2427 -10.9543 -1.71204 7.80945 -16.6901 -9.08203 -8.88977 -16.9052 5.75867 13.2523 18.5902 27.8597 14.6484 -3.25928 -1.49414 3.76674 
179 -7.66296 0.0439453 -12.9798 -10.7918 -2.69623 5.59845 1.87225 -0.759888 -18.9651 -11.0733 11.3754 -8.82568 -5.09766 24.4543 14.6255 20.9793 -17.5323 -19.1437 0.888062 3.80859 4.87976 -5.18646 -1.56555 23.5062 -3.08949 -21.0661 17.5781 -8.82568 19.8926 -35.784 
180 7.57141 -28.374 7.52802 10.3019 1.99127 -2.31171 -4.86603 8.61511 2.1286 -12.5381 -10.8902 21.3501 -16.5234 -29.159 10.231 -11.2473 -6.39954 -4.49524 23.7396 18.457 -8.88977 11.5128 -10.9406 11.2015 7.45739 17.8987 16.1133 14.3188 -26.9824 -21.4286 
181 -17.9169 6.19629 31.5515 5.61443 16.6397 -13.1516 7.14569 -11.3068 12.3825 -14.296 -1.5152 -2.38037 -10.6641 34.4152 -8.81195 1.64337 -13.7238 4.29382 14.0717 -10.8398 5.17273 -4.60052 6.63757 2.41241 -9.82777 -29.2692 -13.7695 2.89307 -2.37305 -11.1747 
182 -17.3309 -8.15918 17.196 -1.12385 4.62799 15.2664 23.5519 13.8885 -6.36749 -14.003 2.58636 1.42822 38.2617 -3.67073 -14.9643 -15.6418 9.12781 -9.76868 -12.2955 -24.3164 7.51648 -5.47943 -10.9406 -5.49774 -24.4762 -7.88252 -14.6484 -12.6343 -1.49414 34.2355 
183 -2.6825 0.0439453 -13.2728 -5.81135 37.1475 -6.99921 -3.69415 3.04871 -13.1058 7.96967 11.9614 4.65088 2.22656 16.2511 2.61383 -9.78241 2.38953 -5.96008 -4.67834 -13.4766 9.56726 2.43073 -16.214 11.7874 -18.6168 -2.90205 -0.292969 -22.3022 21.6504 23.6886 
184 13.1378 21.1377 37.4108 21.1418 14.003 27.8641 -4.57306 8.02917 12.0895 -16.6397 -19.9722 -5.896 13.6523 -2.49885 -7.34711 3.69415 -0.247192 -21.7804 -9.95178 -19.9219 -0.100708 -8.99506 8.98132 9.73663 1.01207 -2.31611 23.1445 -2.67334 -5.5957 11.9699 
185 -6.19812 -21.0498 -5.94854 -13.1356 -23.204 -33.6594 -4.86603 0.704956 9.74579 -1.6983 12.5473 9.33838 -7.73438 11.2707 17.8482 -2.45819 9.12781 2.53601 -12.8815 -19.9219 10.7391 -2.54974 -3.9093 -11.3571 -6.60511 0.320607 -15.5273 11.6821 -1.49414 -3.55748 
186 -2.38953 -14.8975 8.99287 7.66522 2.28424 -3.48358 6.85272 -2.81067 2.71454 6.50482 4.34418 -13.8062 2.51953 0.723805 -2.07367 1.93634 17.6239 31.8329 -2.04163 -2.92969 8.98132 13.8565 13.0829 -1.39618 16.8324 19.0706 9.375 5.52979 23.7012 -14.6903 
187 -13.8153 0.922852 -1.26104 -13.1356 9.90143 -2.89764 -0.764465 5.09949 12.3825 7.38373 -7.96051 2.01416 -5.09766 -1.61994 19.0201 38.2645 5.02625 13.6688 23.1537 -6.73828 -1.85852 7.11823 1.6571 -1.10321 18.8832 -22.531 -12.3047 -6.48193 5.83008 1.42299 
188 -4.73328 22.6025 5.47724 23.4855 2.28424 -6.70624 9.78241 -8.67004 1.83563 11.1923 10.4965 -2.67334 -17.9883 -15.6824 5.25055 3.10822 9.71375 -10.0616 17.5873 0 4.29382 4.18854 10.7391 7.39288 19.4691 -11.3981 14.6484 -10.8765 5.24414 37.4581 
189 9.91516 9.41895 21.2976 -4.05353 14.8819 -21.3547 6.55975 11.2518 -1.97296 13.829 4.34418 -15.271 -10.3711 20.0597 -24.3393 -9.19647 22.6044 -7.7179 10.849 -13.4766 -14.4562 -10.1669 1.07117 0.361633 -12.1715 5.00811 -8.78906 2.30713 -27.2754 33.3566 
190 3.76282 7.66113 -15.3235 -1.41682 27.7725 -28.093 -0.471497 -7.49817 18.8278 -7.55768 2.2934 -6.48193 -15.6445 -15.9754 17.8482 11.0184 4.44031 -20.6085 6.1615 10.8398 6.05164 3.89557 8.98132 -9.01337 -6.31214 -15.7927 -19.043 -10.2905 -12.041 23.9816 
191 -4.44031 11.7627 -20.304 35.2043 7.26471 22.8836 5.38788 -2.22473 -7.2464 16.7587 7.27386 4.35791 -35.5664 -3.96369 -18.7729 3.98712 30.5145 -4.78821 9.97009 0.585938 -12.9913 -8.11615 -9.76868 14.7171 4.82067 -11.1052 8.20312 39.8071 -7.35352 -4.14342 
192 6.98547 19.6729 20.4186 17.3332 -13.5361 -17.2531 6.55975 15.6464 -1.97296 -21.9131 20.7504 9.92432 -10.3711 13.9074 -9.69086 23.616 -23.3917 14.5477 -0.869751 -5.56641 -3.61633 17.3721 -18.5577 -0.810242 22.1058 34.598 4.39453 -17.0288 -5.00977 7.57533 
193 3.46985 11.1768 -14.4446 -6.39728 -3.57513 11.4578 4.50897 10.08 -13.9847 0.352478 -14.6988 -17.6147 -3.04688 3.36052 32.7896 -7.73163 -7.57141 -8.88977 10.2631 7.32422 28.6102 11.8057 -16.214 -0.517273 7.16442 7.93779 -41.8945 -10.2905 -8.23242 0.544085 
194 -5.90515 5.31738 7.82099 31.6887 3.74908 -8.17108 11.2473 7.44324 -16.0355 -3.74908 -17.6285 -11.4624 -0.703125 6.58318 -0.315857 3.98712 -12.2589 -4.20227 16.4154 -6.44531 -17.0929 2.72369 5.17273 -8.13446 -12.1715 -21.3591 -11.7188 -11.1694 -22.5879 -0.920759 
195 18.9972 9.71191 2.25459 -1.12385 -2.11029 -8.75702 1.87225 3.34167 -12.8128 -0.819397 -1.5152 -9.99756 10.4297 -0.741039 9.93805 16.5848 -31.3019 -10.6476 8.50525 7.61719 20.4071 -2.54974 -0.393677 4.75616 -27.1129 -6.41767 17.8711 -2.38037 20.4785 18.7081 
196 -8.83484 -9.33105 1.08271 10.009 -11.4853 -15.7883 -21.8582 20.0409 -6.07452 5.03998 -7.37457 -3.55225 -3.04688 6.87615 7.00836 -1.57928 12.9364 1.6571 9.97009 -4.6875 18.9423 15.6143 -6.54602 -8.42743 17.7113 -8.46846 -23.1445 -14.6851 -2.08008 16.6574 
197 30.7159 13.8135 3.71943 -26.0262 -25.2548 -1.72577 -2.52228 19.162 -8.41827 -6.3858 8.44574 11.6821 -9.49219 17.716 -6.17523 -50.2121 31.6864 10.7391 -2.62756 -7.03125 4.29382 27.919 -3.9093 -4.0329 25.0355 29.9105 -17.2852 34.5337 -16.7285 17.5363 
198 -2.09656 9.12598 7.52802 -10.2059 -33.7509 -4.94843 -6.33087 -10.1349 -20.43 -5.79987 -6.2027 0.549316 13.3594 3.36052 9.05914 0.471497 7.95593 -31.4484 0.302124 5.85938 -3.9093 -5.18646 13.9618 -9.01337 -0.745739 -9.9333 -2.92969 -25.5249 11.1035 33.9425 
199 2.88391 -3.76465 -5.94854 30.2238 -11.1923 -16.6672 -13.9481 -0.466919 -5.19562 3.8681 -15.2847 10.8032 27.4219 -19.784 9.64508 -6.55975 -15.4816 -22.6593 23.7396 -0.878906 -21.7804 11.5128 -10.6476 1.82648 -35.609 2.95733 -12.5977 -9.41162 -13.7988 -0.62779 
200 -11.7645 12.3486 15.4382 10.3019 9.90143 -5.53436 10.9543 -4.56848 3.59344 3.28217 -1.22223 11.0962 -1.28906 -6.60041 12.5748 -22.966 15.8661 -16.214 -0.283813 -14.0625 -1.56555 21.1807 -13.2843 -8.13446 -14.2223 -30.1481 -15.5273 -5.896 21.9434 5.23158 
201 27.7863 -12.5537 -7.70635 17.9191 -3.28217 6.77032 3.04413 7.15027 -5.78156 -1.40533 -15.5777 -0.32959 4.27734 10.6847 8.47321 19.5145 22.6044 -12.9913 13.7787 -9.66797 -18.8507 12.0987 9.86023 -12.822 9.2152 3.54326 -31.3477 10.5103 -40.166 15.4855 
202 11.9659 -0.541992 -10.0501 10.009 -0.645447 -18.425 -7.20978 7.44324 -6.36749 5.33295 5.22308 2.30713 -8.32031 -2.49885 -9.10492 -8.0246 -1.41907 20.4071 5.86853 -12.3047 2.24304 -1.0849 -13.2843 -10.4782 21.5199 -6.12471 6.44531 -9.99756 12.2754 8.45424 
203 -12.9364 -31.0107 -0.0891644 9.42303 23.085 23.1766 -7.79572 -6.91223 -23.3597 10.6064 23.9731 -13.8062 -8.61328 -2.49885 -4.41742 0.764465 19.0887 1.95007 17.0013 -9.66797 6.3446 4.48151 -26.7609 13.2523 -32.3864 2.37139 -16.6992 -8.82568 -1.78711 -2.3856 
204 -20.8466 2.68066 6.06318 14.4035 24.2569 25.2274 -6.33087 1.58386 17.363 2.9892 3.75824 -4.43115 -22.9688 14.7863 15.7974 4.57306 12.0575 29.4891 -4.38538 -14.3555 23.0438 17.0792 -29.9835 -19.8532 -15.6871 -14.0349 -10.2539 -9.41162 5.83008 -18.7919 
205 -15.2802 -8.15918 -22.0618 23.4855 11.0733 -24.5773 20.6223 -8.37708 -0.801086 -12.2452 0.242615 -0.32959 -0.410156 -30.9168 -43.6752 12.1902 7.37 32.4188 6.45447 -10.5469 12.204 3.89557 2.24304 6.22101 16.5394 -9.64033 -21.6797 -21.7163 -21.416 11.6769 
206 -4.44031 2.09473 -21.4759 2.97772 -18.2236 -0.846863 -5.74493 0.119019 -32.7347 -6.67877 15.77 6.11572 -0.703125 -15.9754 -15.2573 11.8973 4.14734 -17.6788 -1.74866 -16.9922 14.8407 16.2003 9.86023 -11.0641 -11.5856 -15.4997 17.8711 -9.70459 -22.8809 -19.6708 
207 -17.038 8.24707 12.8015 3.85662 24.8428 -22.2336 -15.4129 -12.1857 16.1911 8.26263 2.00043 15.1978 16.2891 25.9191 0.563049 18.6356 18.5028 -17.6788 0.888062 -7.32422 8.98132 -20.1279 -17.9718 -8.13446 -30.0426 28.7386 -16.6992 -0.622559 -7.06055 15.7785 
208 4.93469 17.915 5.18427 13.2316 11.9522 22.8836 5.68085 7.44324 14.7263 0.0595093 -6.78864 8.45947 -9.78516 9.51287 6.42242 -4.50897 -8.45032 -4.78821 2.35291 -7.91016 -10.6476 -0.791931 14.2548 -6.37665 25.0355 -16.0856 -14.0625 15.7837 0.849609 11.9699 
209 -4.14734 5.61035 6.64912 -0.53791 12.8311 -9.04999 -7.50275 0.119019 13.8474 -8.14362 -3.27301 2.01416 4.57031 28.8488 4.66461 -6.26678 14.4012 10.1532 -0.283813 4.39453 -6.83899 -3.72162 15.7196 -12.822 -9.5348 -21.0661 14.6484 -28.7476 3.7793 10.2121 
210 -12.3505 21.1377 2.54755 -10.2059 -9.72748 2.37579 -3.40118 -8.96301 -3.73077 10.6064 -1.22223 16.6626 24.7852 3.36052 0.563049 -15.9348 -21.048 -36.4288 -3.50647 -18.457 15.1337 2.13776 4.00085 -16.0446 -15.3942 -9.64033 -0.585938 -3.55225 25.752 -0.62779 
211 -10.2997 4.43848 18.0749 26.7082 20.1553 23.1766 4.216 12.1307 -9.59015 -1.99127 -6.49567 -6.48193 -3.33984 -8.94416 23.7076 -18.8644 7.37 11.911 0.888062 -4.39453 0.778198 -6.35834 7.51648 20.8694 -9.24183 12.9183 3.22266 14.9048 -1.49414 21.0519 
212 4.34875 5.31738 -6.53448 18.5051 2.87018 8.23517 -11.3113 3.92761 -0.508118 -11.0733 13.4262 -7.06787 23.6133 -9.23713 12.2818 21.5652 -2.005 -30.5695 -7.901 6.44531 -16.7999 -12.5107 -5.96008 -3.15399 15.0746 -12.57 6.44531 -15.8569 -36.3574 -11.4676 
213 15.1886 29.6338 -42.5696 19.6769 -0.0595093 21.4188 -13.6551 9.78699 3.00751 11.7783 -24.0738 -16.4429 5.15625 1.01677 24.0005 28.8895 -6.98547 -6.83899 -0.283813 -1.17188 2.82898 18.837 -8.01086 17.6468 0.426136 -16.0856 -16.6992 22.522 -15.8496 7.8683 
214 -10.2997 -16.0693 4.0124 -0.244941 -14.122 -17.8391 -10.4324 5.39246 -6.36749 -11.0733 9.91058 1.13525 -8.32031 14.7863 9.05914 8.08868 10.8856 -1.85852 -2.33459 2.05078 4.00085 -7.53021 7.22351 7.39288 -22.7184 -21.945 -1.17188 -17.9077 -9.69727 -6.48717 
215 10.2081 30.8057 1.96162 -27.784 22.4991 -11.9797 -1.64337 -2.5177 -7.2464 -0.233459 1.12152 -5.896 7.5 -19.1981 -21.9955 -0.114441 36.0809 -8.30383 -4.97131 9.08203 -2.44446 0.379944 -7.7179 2.99835 -18.0309 -5.83174 -23.7305 -14.978 32.7832 26.3253 
216 -20.5536 -12.8467 12.2155 -14.3074 8.72955 0.325012 -7.79572 -123.221 -13.9847 8.5556 0.828552 6.11572 -19.1602 -14.5106 -7.05414 -9.19647 -7.86438 -14.1632 5.28259 -0.878906 -5.66711 4.48151 -5.08118 11.2015 21.5199 -29.5622 -2.63672 -12.9272 -45.4395 -0.0418527 
217 -7.95593 8.24707 1.37568 -6.10432 26.0147 6.77032 -11.6043 12.4237 13.2614 -1.6983 -14.6988 -14.0991 -23.2617 -10.409 -16.7221 -9.48944 15.8661 -1.85852 26.6693 -0.878906 10.4462 3.6026 -5.37415 2.11945 -25.6481 -11.3981 -29.5898 -3.55225 -14.9707 4.93862 
218 14.3097 -12.8467 -7.12041 9.42303 2.87018 9.99298 -1.05743 -9.25598 -14.8636 1.81732 15.77 16.0767 -10.957 5.99724 -10.8627 6.91681 -2.29797 -14.4562 17.2943 7.61719 -12.6984 -4.89349 -10.6476 -6.96259 -33.8512 -34.5427 -8.78906 1.42822 0.263672 -28.4598 
219 14.0167 25.5322 -35.2454 5.9074 20.4483 -32.1945 4.80194 14.7675 9.15985 18.2236 -1.22223 -6.7749 12.7734 -12.1668 7.00836 -18.2785 -17.5323 -20.0226 -1.74866 -12.5977 -9.47571 -4.60052 0.485229 -1.10321 -17.152 -31.027 -31.3477 6.11572 -37.2363 -43.1083 
220 -17.9169 24.3604 -5.06963 -1.70978 -6.50482 -11.1008 -0.178528 10.9589 -4.31671 1.23138 11.3754 0.549316 35.625 53.7511 14.6255 -0.700378 22.6044 15.1337 9.38416 9.08203 -3.0304 -9.58099 7.51648 11.2015 -4.26136 -0.558299 24.9023 -2.0874 -9.4043 12.8488 
221 6.6925 -7.57324 10.7507 27.2941 0.233459 6.47736 -3.40118 16.8182 -11.6409 0.645447 0.242615 -4.72412 -10.0781 11.5636 -3.53851 -21.2082 6.78406 -13.2843 10.849 -12.5977 3.12195 0.0869751 -18.8507 -4.32587 -3.08949 -4.36689 11.1328 21.936 -8.23242 22.8097 
222 5.22766 0.336914 -7.70635 7.37225 4.04205 -2.60468 -17.4637 -4.27551 4.17938 16.4658 3.1723 5.23682 24.4922 4.82537 -7.05414 -8.9035 -28.0792 11.0321 3.52478 -18.1641 -8.88977 -9.87396 19.8212 -16.9235 6.57848 29.6175 0 8.75244 6.12305 -21.7215 
223 -6.19812 -26.9092 -3.89776 2.39178 -5.62592 0.617981 -5.74493 17.1112 3.59344 5.03998 11.3754 -17.6147 -1.28906 -9.82307 -20.8237 -16.5207 -10.7941 8.68835 9.38416 -3.22266 4.00085 -6.35834 1.07117 -4.61884 -6.89808 11.1605 -4.10156 -4.13818 2.60742 17.8292 
224 9.03625 7.9541 -7.99932 7.37225 -4.45404 -20.7687 -13.9481 6.56433 9.15985 8.84857 3.1723 -3.55225 -25.0195 -4.25666 -5.29633 -0.114441 9.42078 8.10242 -6.72913 3.22266 8.39539 -9.87396 10.7391 8.85773 -20.0817 -14.6208 19.3359 11.3892 -5.5957 6.69643 
225 7.86438 -4.35059 -11.222 -21.0457 -3.28217 25.2274 -5.45197 -17.4591 10.9177 -5.21393 -17.3355 16.0767 0.761719 4.5324 2.61383 -9.19647 22.8973 8.10242 -14.0533 -2.34375 -5.66711 -8.70209 -14.4562 -19.8532 -25.9411 3.25029 -3.22266 -16.7358 -4.7168 41.5597 
226 -16.1591 -10.21 -41.3978 -24.5613 -6.79779 -5.82733 8.0246 7.44324 -10.1761 -16.9327 -2.10114 -5.896 0.175781 13.3215 7.00836 -14.4699 2.97546 26.8524 11.142 -10.2539 26.8524 -5.7724 -7.42493 -4.61884 -16.2731 -5.83174 -27.2461 3.77197 -11.4551 11.3839 
227 -13.5223 5.90332 1.66865 -38.3309 -7.38373 -13.4445 -6.33087 -11.3068 -6.07452 20.8603 -0.636292 -13.5132 1.64062 20.0597 -25.5112 -8.31757 5.31921 3.41492 2.93884 -7.61719 2.24304 11.5128 -4.20227 -5.20477 -7.19105 -24.8747 0.585938 -12.3413 1.72852 6.9894 
228 27.7863 11.7627 -21.4759 -4.05353 -11.7783 -27.2141 -11.0184 11.8378 -7.53937 -14.003 13.7192 -1.50146 7.79297 -21.5418 -29.0268 -20.6223 -20.462 10.7391 -17.276 1.46484 -6.83899 -2.54974 -0.393677 2.41241 -9.82777 -26.6325 -22.8516 -7.65381 6.12305 14.8996 
229 -22.3114 14.6924 8.11396 18.2121 8.43658 -6.70624 1.87225 7.73621 8.86688 -4.04205 10.2036 -11.1694 -0.996094 -42.9285 17.5552 15.7059 -3.17688 -3.9093 16.4154 9.66797 11.618 0.672913 1.07117 -21.0251 -0.745739 14.6761 -5.85938 5.23682 10.2246 -16.1551 
230 -17.6239 2.09473 16.903 -14.8934 9.60846 9.40704 4.80194 -13.9435 -15.1566 -5.5069 2.58636 -5.896 8.67187 -26.5223 -7.93304 13.9481 18.5028 -7.13196 22.5677 17.2852 -5.37415 2.13776 3.70789 15.889 -13.0504 -5.53877 -2.63672 -12.3413 -7.35352 -16.4481 
231 1.1261 27.29 -17.0814 12.3527 0.526428 -11.6867 -4.57306 -1.05286 -13.3987 2.40326 8.15277 0.842285 -11.25 -16.2684 8.18024 -1.57928 21.4325 25.6805 -2.33459 0.292969 1.6571 3.30963 -8.01086 3.58429 -42.0543 -31.906 -4.98047 6.40869 -3.83789 11.6769 
232 18.9972 -12.2607 0.496773 19.9699 12.2452 14.6805 10.9543 16.2323 -6.95343 -15.1749 -9.71832 7.2876 -19.1602 16.2511 -14.3784 41.1942 -2.29797 -2.15149 -0.576782 -7.61719 11.911 -0.791931 -2.44446 -2.86102 10.0941 15.262 3.51562 2.01416 24.873 11.9699 
233 -5.90515 -22.5146 2.54755 -16.0653 13.4171 6.18439 5.68085 -12.1857 6.23016 9.43451 -4.15192 -5.31006 -4.51172 -10.409 -11.4487 15.1199 -10.7941 -11.2335 0.00915527 1.75781 -22.6593 1.25885 20.993 15.596 10.68 2.37139 -0.292969 -4.43115 -11.1621 -10.5887 
234 1.71204 -8.15918 13.9733 4.73553 25.1358 40.1688 22.0871 -11.5997 -14.2776 -5.5069 8.73871 10.8032 -43.1836 1.01677 10.817 35.9207 35.788 21.8719 5.28259 -15.8203 18.6493 -13.6826 13.0829 5.3421 -15.9801 -28.0974 22.2656 31.0181 -14.6777 2.88783 
235 -5.31921 -2.88574 -5.65557 -3.4676 25.1358 12.0438 14.4699 13.3026 -6.36749 -13.4171 7.56683 9.33838 20.0977 -5.13557 9.05914 4.57306 -4.93469 12.4969 5.57556 9.08203 2.24304 -12.2177 -15.0421 10.0296 -5.14027 21.7073 4.98047 2.89307 17.2559 4.35268 
236 -19.6747 -6.69434 -7.70635 5.0285 -5.33295 14.9734 13.0051 -2.22473 -4.60968 -4.04205 9.03168 16.9556 1.05469 9.51287 17.8482 -3.3371 -6.39954 -7.7179 9.38416 0.292969 16.3055 0.0869751 9.86023 -5.79071 -10.9996 18.1917 -10.5469 -2.67334 -9.69727 -17.9129 
237 19.2902 23.4814 2.84052 -2.88166 -10.8994 -12.2726 -0.178528 -4.86145 -22.4808 -11.0733 -22.316 1.72119 25.6641 -14.5106 0.563049 5.45197 -14.3097 -7.42493 -18.7408 -15.5273 12.7899 8.87604 -21.4874 -13.9938 -8.65589 -37.7653 28.418 -12.3413 -25.2246 -10.5887 
238 -1.21765 5.61035 -7.12041 1.51287 6.97174 0.325012 4.80194 18.869 -9.00421 -16.3467 14.8911 -18.4937 14.8242 -3.37776 -5.00336 4.57306 -9.03625 4.58679 -4.09241 4.98047 -9.18274 2.72369 1.6571 19.6976 22.3988 10.5745 -11.7188 -9.70459 -36.3574 10.505 
239 22.5128 -22.2217 -12.3939 -10.2059 -1.23138 -15.7883 21.2082 17.4042 6.52313 28.7704 -6.49567 -0.0366211 22.7344 -13.6317 -3.24554 6.33087 -12.5519 16.5985 -5.55725 -6.44531 13.0829 -11.3388 19.5282 0.654602 11.266 17.3128 16.6992 4.65088 -18.1934 16.3644 
240 4.64172 15.2783 -18.2532 -10.2059 7.55768 -6.99921 -4.57306 12.1307 -1.67999 0.938416 -131.593 -0.32959 -21.5039 16.8371 -14.3784 -5.09491 -14.6027 20.993 7.91931 -18.1641 -6.54602 -8.99506 -3.9093 -2.27509 -21.5465 9.40264 -20.5078 -17.0288 -8.52539 7.28237 
241 22.8058 13.8135 3.13349 -9.034 8.43658 -7.87811 9.19647 13.8885 -23.0667 10.8994 -5.32379 -2.38037 -3.92578 -15.3895 -36.644 9.26056 5.31921 7.22351 -7.901 -7.91016 -8.88977 -7.53021 -3.32336 -7.84149 -15.1012 -39.8161 -8.20312 -57.7515 -9.11133 31.3058 
242 -8.54187 -4.93652 -14.7376 -5.51838 2.28424 11.4578 0.114441 14.1815 -9.00421 8.26263 -5.32379 11.0962 -21.5039 -0.44807 -1.19476 6.0379 0.338745 -22.6593 19.0521 -7.03125 2.53601 -8.11615 5.75867 -9.89227 -37.0739 34.012 -18.75 22.8149 -14.3848 -0.0418527 
243 -24.9481 10.2979 -3.89776 -21.6317 20.7413 -3.48358 -1.93634 -7.2052 -11.055 9.72748 18.6996 16.3696 8.37891 6.87615 5.25055 0.471497 -14.0167 -0.100708 3.23181 -9.375 3.41492 12.0987 -8.01086 9.73663 -63.1481 -24.2888 -14.0625 -30.7983 -17.6074 12.2628 
244 -14.6942 -2.00684 -24.1126 0.633965 -30.8212 -16.9601 1.87225 -1.63879 4.76532 -1.6983 10.4965 -7.94678 26.8359 2.48162 15.2115 13.9481 18.5028 -15.3351 14.0717 -15.2344 29.1962 4.48151 14.5477 2.99835 -8.36293 5.00811 -2.92969 -18.4937 -24.0527 4.64565 
245 25.7355 1.80176 -10.929 3.85662 3.45612 20.5399 4.50897 2.75574 7.10907 -6.97174 2.58636 15.4907 18.9258 16.2511 3.19977 13.3621 -15.1886 -14.1632 2.93884 -30.4688 10.1532 6.23932 6.93054 -16.0446 -7.77699 -24.2888 -30.4688 -0.622559 20.4785 -33.7333 
246 13.1378 12.6416 -12.3939 5.0285 -8.84857 -14.9094 -24.7879 -4.56848 12.9684 -4.33502 6.10199 5.23682 28.3008 8.92693 1.14899 5.159 -12.5519 -0.100708 21.3959 6.73828 14.8407 19.1299 8.98132 -14.8727 -22.4254 12.9183 -6.73828 17.5415 -8.81836 23.3956 
247 13.4308 -4.35059 12.5085 -25.1473 8.43658 2.96173 -2.22931 -0.759888 10.0388 -1.6983 -13.2339 9.63135 2.8125 1.60271 17.5552 14.827 12.0575 -4.78821 13.1927 4.10156 1.6571 -6.65131 -17.6788 -16.0446 -19.7887 -8.17549 15.2344 6.40869 -13.7988 10.2121 
248 2.005 17.0361 26.278 -20.7528 17.5186 -23.9914 11.2473 -0.17395 1.83563 0.645447 -3.27301 18.1274 4.86328 -27.4012 6.12946 -4.80194 -2.005 8.39539 14.0717 0.585938 -20.6085 -1.37787 -0.100708 0.947571 -3.38246 6.47295 7.61719 -5.31006 21.9434 -2.97154 
249 6.98547 14.1064 -23.8196 13.5246 2.28424 14.3875 -2.81525 6.27136 -2.5589 11.1923 -23.4879 -0.622559 17.4609 15.9582 -1.48773 -33.8058 33.7372 8.10242 24.0326 -0.878906 -1.56555 3.01666 -6.54602 -20.7321 23.2777 9.98858 12.5977 14.0259 25.166 11.9699 
250 -25.2411 5.31738 25.1061 -9.32697 7.55768 -19.0109 -12.7762 -2.22473 9.74579 -15.1749 -21.73 8.1665 -24.1406 -9.5301 -3.53851 7.20978 -23.3917 -2.15149 -0.576782 -8.78906 -8.5968 -25.1083 -33.4991 2.41241 15.3675 -7.29658 -12.0117 -0.0366211 -19.9512 37.7511 
251 -21.1395 14.9854 8.6999 4.14959 16.6397 -7.58514 -2.81525 3.04871 -6.66046 -9.02252 2.00043 -3.84521 -0.996094 28.5558 31.3248 -28.2394 -6.10657 6.93054 13.1927 -8.49609 -22.6593 4.48151 6.3446 -4.0329 5.99254 -30.7341 5.27344 4.35791 -8.52539 41.2667 
252 26.0284 -6.1084 -19.1321 10.009 -18.5165 11.1649 -1.64337 28.83 -8.12531 23.79 0.828552 11.3892 -20.625 -18.0262 1.73492 15.4129 13.8153 27.1454 2.35291 -9.66797 3.12195 -19.8349 -4.49524 5.92804 18.5902 16.4339 -5.56641 -4.43115 14.9121 21.9308 
253 0.247192 18.7939 -12.1009 4.44256 10.1944 -1.4328 10.6613 19.162 2.42157 7.38373 -6.78864 -32.8491 17.168 8.34099 -11.4487 17.7567 15.5731 5.75867 -2.04163 -2.63672 14.2548 2.43073 11.3251 -21.0251 -54.0661 -17.5505 -26.6602 -33.1421 33.0762 11.3839 
254 9.03625 -12.2607 24.2272 -12.8426 -16.7587 -14.6164 -11.0184 -3.98254 7.98798 8.26263 -2.98004 -2.67334 -26.7773 -16.2684 -10.5698 10.4324 19.3817 -1.85852 7.62634 9.66797 8.68835 -1.67084 -4.78821 10.6155 -27.1129 -13.156 -20.2148 -0.915527 -30.2051 8.16127 
255 -17.9169 -3.76465 25.3991 -9.91291 51.503 -5.24139 -5.159 9.78699 -10.4691 -5.79987 -9.42535 -24.353 -4.80469 11.5636 20.192 5.45197 -9.91516 17.7704 12.8998 5.27344 -13.5773 -2.54974 2.53601 17.3538 12.7308 -3.48799 19.3359 -45.1538 -5.00977 40.0949 
256 -17.3309 11.4697 7.52802 -5.22541 0.526428 -4.36249 -16.2918 -4.27551 -13.9847 12.6572 5.51605 -7.36084 -9.19922 5.11834 -16.7221 -13.298 -9.62219 19.2352 4.40369 0.292969 -4.49524 8.2901 3.41492 -2.27509 -0.745739 1.78545 12.8906 29.5532 -20.2441 0.544085 
