1 1818 1670 1823 1628 1751 1688 1171 1212 1206 1254 1237 1298 1817 1764 1939 1871 1892 1825 1308 1213 1239 1239 1309 1273 1846 1905 1891 1875 1973 1888 
2 1839 1759 1686 1791 1726 1745 1183 1207 1113 1259 1257 1292 1917 1814 1868 1793 1849 1790 1277 1180 1238 1304 1232 1160 1975 1916 1892 1798 1983 1915 
3 1703 1747 1679 1728 1815 1600 1238 1321 1128 1273 1250 1216 1914 1818 1948 1844 1880 1795 1301 1218 1233 1256 1213 1208 1930 1922 1813 1947 1986 1868 
4 1665 1688 1682 1690 1698 1704 1231 1198 1229 1182 1233 1321 1830 1776 1897 1791 1775 1776 1191 1201 1260 1201 1313 1167 1867 2013 1869 1959 2032 1923 
5 1747 1779 1716 1742 1633 1542 1222 1143 1170 1228 1227 1351 1915 1895 1905 1796 1767 1814 1232 1199 1221 1215 1251 1167 1880 2076 1937 1948 1870 1954 
6 1703 1796 1782 1746 1634 1722 1228 1186 1166 1224 1214 1213 1857 1838 1808 1827 1839 1718 1295 1176 1176 1128 1244 1134 1908 1896 1862 1872 1924 1851 
7 1759 1728 1733 1775 1735 1746 1136 1197 1136 1182 1223 1258 1892 1878 1865 1811 1828 1908 1254 1147 1151 1226 1135 1213 1787 1783 1862 1992 1883 1915 
8 1813 1737 1846 1681 1804 1703 1237 1222 1138 1174 1237 1283 1810 1756 1812 1928 1747 1878 1290 1198 1189 1130 1158 1238 1854 1882 1884 1932 1937 1910 
9 1806 1834 1713 1809 1727 1728 1204 1224 1092 1253 1195 1214 1928 1875 1875 1901 1782 1812 1228 1164 1268 1177 1244 1160 1776 1963 1874 1908 1863 1924 
10 1622 1784 1785 1771 1737 1714 1265 1226 1190 1238 1288 1243 1776 1858 1894 1856 1737 1779 1218 1181 1184 1197 1226 1222 1773 1836 1945 1828 1901 1854 
11 1695 1752 1718 1732 1733 1659 1226 1217 1146 1290 1169 1276 1767 1832 1864 1765 1814 1827 1237 1220 1194 1147 1269 1144 1952 1914 1885 1900 1964 1931 
12 1684 1735 1847 1665 1757 1605 1166 1116 1186 1249 1287 1229 1863 1762 1778 1786 1791 1791 1292 1248 1226 1195 1262 1269 1739 1876 1868 1876 1864 1865 
13 1809 1719 1809 1796 1658 1680 1227 1239 1126 1256 1212 1177 1897 1873 1765 1862 1847 1867 1205 1180 1227 1198 1185 1124 1854 1897 1915 1823 1856 1912 
14 1652 1839 1775 1767 1703 1698 1168 1268 1096 1254 1161 1285 1827 1862 1725 1731 1655 1817 1222 1190 1175 1193 1234 1199 1872 1928 1874 1952 2043 1995 
15 1687 1760 1823 1711 1762 1631 1230 1213 1161 1207 1156 1267 1743 1796 1817 1800 1744 1801 1241 1176 1155 1211 1230 1168 1886 1900 1888 1838 1947 1770 
16 1650 1691 1739 1702 1627 1689 1265 1181 1136 1227 1238 1223 1902 1828 1889 1863 1793 1842 1269 1128 1214 1196 1250 1215 1988 1799 1907 1915 1979 1875 
17 1718 1767 1668 1730 1619 1605 1128 1171 1159 1164 1147 1240 1800 1814 1810 1738 1807 1778 1242 1173 1264 1142 1227 1235 1770 1772 1817 1889 1878 2029 
18 1613 1798 1674 1672 1703 1589 1172 1228 1137 1191 1186 1192 1768 1828 1846 1819 1817 1790 1211 1211 1194 1239 1233 1137 1921 1946 1821 1908 1849 2031 
19 1629 1787 1692 1711 1779 1695 1198 1131 1097 1193 1194 1241 1850 1897 1888 1802 1810 1874 1192 1145 1118 1177 1244 1131 1844 1930 1878 1940 1947 1860 
20 1739 1750 1727 1638 1710 1634 1171 1191 1105 1149 1185 1210 1883 1765 1804 1799 1714 1843 1191 1135 1291 1201 1209 1134 1806 1785 1903 1941 2046 1930 
21 1788 1725 1689 1621 1630 1750 1108 1171 1101 1197 1195 1239 1662 1765 1808 1808 1774 1760 1201 1181 1164 1178 1194 1100 1771 1853 1878 1872 1819 1863 
22 1632 1771 1662 1626 1603 1705 1145 1207 1123 1159 1252 1247 1809 1863 1863 1742 1703 1758 1188 1174 1174 1184 1171 1198 1780 1805 1901 1875 1904 1854 
23 1696 1681 1790 1639 1698 1634 1226 1202 1101 1183 1185 1184 1762 1779 1768 1899 1780 1861 1219 1140 1238 1220 1275 1144 1840 1963 1785 1867 1906 2017 
24 1803 1765 1553 1567 1635 1656 1171 1188 1164 1181 1157 1248 1874 1767 1722 1843 1762 1799 1243 1161 1224 1176 1234 1182 1849 1940 1761 1985 1919 1925 
25 1763 1775 1591 1701 1658 1667 1183 1221 1116 1131 1183 1172 1803 1730 1800 1780 1717 1840 1233 1180 1148 1202 1235 1179 1996 1888 1978 1831 1861 2094 
26 1768 1654 1799 1733 1690 1734 1188 1150 1192 1195 1253 1252 1806 1755 1767 1777 1811 1834 1207 1119 1140 1247 1206 1148 1855 1892 1817 1871 1980 1935 
27 1736 1745 1808 1746 1776 1741 1243 1125 1114 1248 1204 1266 1877 1828 1769 1835 1772 1831 1189 1147 1194 1201 1289 1226 1948 1962 1874 2003 1973 1943 
28 1710 1684 1653 1663 1682 1675 1180 1161 1114 1201 1142 1219 1901 1854 1844 1869 1681 1889 1241 1191 1192 1232 1250 1163 1820 1884 1843 1896 1928 1910 
29 1698 1749 1749 1632 1655 1638 1136 1220 1143 1175 1190 1288 1809 1871 1844 1792 1797 1821 1253 1178 1200 1233 1179 1268 1894 1896 1932 1916 1979 1913 
30 1680 1719 1648 1697 1634 1660 1213 1249 1131 1165 1265 1221 1903 1725 1821 1745 1800 1790 1208 1140 1159 1217 1170 1194 1849 1946 1999 1883 1865 1844 
31 1688 1722 1675 1670 1711 1722 1147 1254 1121 1229 1238 1180 1840 1703 1773 1785 1781 1800 1206 1106 1145 1218 1194 1179 1860 1943 1860 1893 2030 2030 
32 1725 1757 1617 1736 1777 1767 1143 1154 1133 1232 1185 1185 1899 1788 1861 1744 1941 1697 1233 1117 1140 1147 1155 1110 1948 1858 1809 1830 1910 1882 
33 1749 1625 1696 1722 1735 1609 1109 1184 1040 1217 1182 1256 1821 1915 1765 1765 1681 1810 1253 1147 1160 1257 1174 1212 1904 2005 1870 1977 1935 1822 
34 1692 1720 1720 1704 1614 1738 1187 1145 1075 1128 1192 1292 1713 1770 1880 1828 1855 1811 1236 1181 1228 1201 1186 1163 1844 1854 1893 1823 1840 1929 
35 1628 1719 1693 1703 1779 1570 1236 1181 1197 1147 1237 1242 1817 1730 1832 1842 1754 1892 1267 1179 1181 1103 1273 1202 1815 1843 1931 1784 1902 1982 
36 1691 1821 1709 1721 1684 1628 1102 1253 1105 1157 1206 1255 1858 1757 1827 1765 1740 1777 1326 1179 1149 1248 1242 1134 1863 1944 1921 1946 1858 1959 
37 1756 1767 1792 1670 1757 1648 1170 1184 1097 1156 1161 1205 2007 1807 1772 1689 1804 1862 1273 1177 1211 1164 1311 1169 1872 1901 1924 1891 1903 1960 
38 1691 1675 1628 1729 1729 1652 1231 1164 1138 1216 1197 1202 1839 1800 1827 1830 1760 1762 1222 1221 1157 1200 1162 1179 1957 1829 1978 1980 1911 1888 
39 1729 1714 1728 1714 1616 1696 1133 1170 1153 1257 1198 1302 1974 1812 1785 1819 1753 1800 1206 1181 1257 1201 1266 1126 1790 1882 1952 1842 2025 1929 
40 1767 1871 1720 1575 1731 1696 1194 1223 1071 1168 1219 1214 1738 1867 1771 1704 1752 1702 1251 1162 1289 1183 1231 1151 1858 1895 1904 1957 1953 1968 
41 1696 1719 1678 1772 1681 1576 1210 1159 1082 1229 1169 1220 1903 1762 1796 1802 1836 1705 1285 1160 1208 1112 1197 1232 1869 1949 1981 1899 1837 1848 
42 1630 1757 1623 1771 1729 1622 1243 1138 1078 1210 1249 1233 1878 1822 1715 1923 1707 1761 1240 1199 1236 1225 1230 1142 1844 1986 1844 1939 1978 1947 
43 1759 1768 1651 1716 1707 1695 1137 1165 1201 1205 1170 1255 1819 1772 1764 1869 1763 1761 1296 1117 1217 1214 1236 1147 1896 1992 1973 1830 1901 1919 
44 1692 1773 1621 1735 1635 1723 1166 1180 1160 1224 1294 1287 1938 1871 1838 1722 1735 1775 1209 1193 1138 1275 1229 1249 1861 1894 1923 1827 1849 1843 
45 1656 1718 1707 1635 1621 1629 1167 1195 1159 1235 1229 1214 1831 1839 1769 1813 1764 1783 1308 1154 1182 1180 1216 1198 1791 2045 1973 1946 1933 1922 
46 1796 1729 1704 1740 1682 1625 1205 1250 1138 1206 1193 1223 1898 1816 1760 1801 1760 1786 1168 1150 1191 1204 1276 1270 1845 1881 1930 1955 1934 1849 
47 1744 1774 1722 1612 1682 1636 1133 1286 1119 1123 1183 1285 1846 1832 1785 1865 1693 1814 1199 1232 1194 1200 1241 1130 1846 1934 1828 1984 1924 2073 
48 1762 1855 1682 1800 1720 1638 1159 1201 1121 1259 1163 1195 1873 1818 1785 1879 1785 1684 1272 1160 1182 1197 1228 1128 1905 2010 1831 1848 1914 1939 
49 1793 1850 1756 1708 1737 1697 1229 1120 1123 1252 1137 1210 1723 1859 1792 1862 1742 1779 1309 1177 1172 1138 1271 1211 2017 1922 1949 1827 1911 1944 
50 1692 1703 1748 1777 1717 1586 1201 1188 1135 1194 1270 1210 1753 1793 1778 1768 1738 1760 1266 1178 1193 1180 1229 1272 2016 2017 1862 1897 1807 1844 
51 1726 1775 1672 1742 1718 1723 1165 1274 1080 1188 1194 1291 1800 1868 1810 1768 1821 1860 1221 1137 1176 1200 1261 1204 1914 1900 1801 1953 1868 1845 
52 1647 1714 1646 1685 1779 1584 1174 1192 1073 1292 1257 1219 1824 1670 1795 1881 1793 1864 1313 1111 1232 1142 1228 1179 1885 1883 1910 1881 1924 1996 
53 1690 1773 1639 1644 1617 1584 1225 1252 1095 1206 1251 1248 1826 1757 1837 1761 1817 1725 1288 1205 1186 1128 1283 1139 1999 1813 1800 1779 1927 1806 
54 1699 1773 1638 1679 1673 1676 1103 1231 1172 1260 1193 1220 1840 1810 1867 1809 1842 1891 1286 1212 1215 1127 1213 1171 1815 2027 1999 1930 1853 1993 
55 1698 1732 1636 1692 1692 1601 1118 1199 1098 1236 1264 1187 1953 1758 1764 1771 1941 1817 1249 1185 1231 1197 1233 1216 1792 1784 1829 1953 1912 1942 
56 1709 1792 1793 1713 1637 1696 1196 1247 1108 1281 1181 1291 1913 1705 1889 1830 1849 1808 1275 1158 1224 1206 1215 1225 1775 1951 1895 1918 2016 1921 
57 1718 1678 1692 1632 1651 1641 1201 1220 1125 1210 1185 1303 1873 1864 1804 1773 1819 1784 1270 1221 1223 1225 1188 1201 1849 1791 1834 1806 1937 1928 
58 1707 1764 1720 1645 1670 1572 1126 1207 1147 1236 1234 1227 1793 1780 1793 1888 1800 1773 1262 1204 1217 1271 1169 1197 1890 1856 1873 1833 1866 1865 
59 1727 1720 1797 1694 1629 1646 1178 1134 1137 1210 1187 1254 1716 1817 1763 1810 1745 1777 1222 1116 1223 1164 1231 1198 1896 1942 1884 1907 1941 1856 
60 1707 1628 1747 1637 1693 1706 1160 1190 1100 1197 1159 1221 1828 1839 1814 1876 1754 1733 1216 1159 1215 1240 1238 1202 1906 1879 1952 1888 1966 1935 
61 1641 1844 1648 1605 1689 1660 1132 1208 1159 1234 1148 1188 1936 1765 1873 1886 1696 1672 1288 1161 1190 1172 1181 1149 1851 1784 1922 1934 1854 1976 
62 1762 1658 1606 1807 1753 1689 1243 1200 1142 1182 1217 1224 1767 1794 1809 1936 1740 1813 1232 1203 1226 1242 1272 1239 1954 1879 1864 1868 1911 1915 
63 1697 1816 1731 1681 1713 1698 1146 1200 1139 1217 1206 1249 1846 1798 1765 1822 1738 1694 1242 1061 1216 1169 1250 1215 1764 1849 1844 1867 1984 1916 
64 1625 1765 1724 1668 1704 1594 1199 1214 1093 1295 1142 1366 1763 1734 1909 1727 1772 1761 1175 1194 1244 1243 1189 1248 1773 1946 1954 2010 1874 1834 
65 1788 1755 1802 1748 1615 1578 1181 1282 1101 1194 1194 1223 1814 1784 1914 1892 1814 1758 1231 1197 1238 1192 1230 1198 1844 1991 1881 1884 1947 1916 
66 1747 1817 1771 1774 1641 1721 1173 1248 1123 1223 1225 1167 1862 1858 1824 1772 1846 1791 1271 1183 1217 1199 1210 1268 1843 1898 1902 1906 1958 1999 
67 1654 1731 1676 1743 1716 1678 1251 1183 1141 1204 1210 1226 1803 1929 1865 1824 1747 1698 1297 1154 1227 1214 1252 1259 1780 1995 1807 1919 2016 1920 
68 1699 1865 1712 1662 1723 1641 1233 1237 1147 1185 1219 1250 1838 1819 1842 1719 1867 1810 1280 1169 1218 1176 1242 1209 1767 1888 1834 1885 1952 1980 
69 1709 1817 1685 1823 1784 1734 1177 1252 1137 1219 1231 1215 1765 1791 1835 1781 1744 1779 1228 1251 1173 1184 1246 1200 1810 1942 1777 1846 2019 1961 
70 1729 1756 1722 1764 1786 1533 1159 1264 1159 1191 1153 1294 1796 1811 1795 1761 1901 1868 1226 1191 1149 1161 1233 1133 1902 1878 1918 1866 1912 2055 
71 1794 1811 1740 1717 1725 1715 1137 1202 1165 1189 1250 1234 1902 1820 1738 1817 1818 1760 1323 1189 1190 1168 1228 1193 1746 1895 1938 1956 1907 1872 
72 1757 1822 1636 1678 1723 1624 1168 1228 1100 1260 1204 1175 1867 1908 1765 1725 1751 1804 1254 1183 1199 1226 1250 1214 2110 1915 1770 1936 1912 1915 
73 1712 1744 1680 1716 1733 1647 1184 1184 1143 1232 1169 1238 1859 1891 1840 1877 1816 1821 1269 1180 1192 1162 1249 1146 1695 1848 1970 1845 2017 1953 
74 1738 1738 1689 1628 1719 1631 1232 1185 1112 1182 1218 1250 1790 1820 1738 1768 1838 1759 1303 1175 1144 1234 1262 1166 1843 2025 1780 1804 1942 2023 
75 1709 1722 1705 1739 1709 1650 1200 1248 1098 1250 1199 1170 1819 1687 1696 1823 1810 1840 1260 1146 1295 1183 1287 1179 1959 1946 1895 2010 1950 1959 
76 1717 1756 1675 1816 1754 1671 1208 1232 1165 1211 1182 1210 1864 1864 1877 1759 1882 1809 1279 1136 1232 1169 1176 1208 1849 1844 1944 1992 1920 1890 
77 1748 1711 1732 1745 1805 1666 1125 1259 1129 1182 1200 1196 1781 1830 1876 1882 1809 1764 1287 1179 1229 1271 1215 1201 1929 1894 1830 1871 1981 1876 
78 1747 1722 1677 1669 1681 1627 1198 1192 1165 1250 1142 1295 1866 1819 1890 1825 1774 1840 1303 1198 1250 1221 1305 1173 1951 1949 1982 1858 1857 1920 
79 1662 1773 1684 1735 1731 1590 1168 1320 1097 1166 1182 1267 1766 1826 1957 1814 1736 1862 1192 1175 1195 1113 1247 1210 2005 1933 1837 1978 1838 2097 
80 1701 1729 1674 1759 1584 1628 1245 1203 1156 1231 1158 1285 1795 1813 1801 1838 1818 1869 1205 1146 1220 1137 1169 1198 1753 1878 1943 1915 1917 1943 
81 1686 1628 1710 1820 1693 1642 1160 1207 1131 1298 1208 1287 1915 1725 1871 1824 1893 1837 1268 1119 1241 1196 1230 1212 1929 1987 1882 1843 1968 1920 
82 1692 1825 1681 1748 1791 1663 1234 1251 1096 1214 1158 1248 1908 1780 1868 1767 1847 1801 1349 1181 1177 1162 1234 1159 1850 1885 1976 1914 1956 1929 
83 1817 1679 1678 1676 1684 1646 1228 1232 1162 1182 1258 1215 1907 1772 1806 1794 1890 1872 1255 1180 1257 1232 1109 1193 1869 2000 1806 1999 1923 2032 
84 1687 1719 1747 1667 1772 1694 1210 1210 1099 1193 1202 1289 1827 1866 1767 1832 1618 1872 1274 1108 1187 1209 1240 1163 1922 1964 1916 1866 1917 1917 
85 1803 1748 1779 1779 1781 1623 1250 1327 1124 1253 1148 1227 1850 1823 1811 1791 1778 1735 1310 1223 1197 1277 1206 1170 1917 1789 1821 1864 2013 1968 
86 1753 1724 1774 1802 1743 1649 1230 1195 1102 1225 1151 1212 1895 1879 1800 1771 1817 1871 1267 1185 1225 1230 1190 1119 1932 1847 1819 1951 1915 1889 
87 1765 1830 1659 1794 1711 1592 1164 1201 1140 1267 1143 1282 1765 1905 1884 1819 1854 1868 1284 1178 1231 1174 1239 1143 1865 2022 1824 1929 1937 1964 
88 1623 1715 1735 1671 1755 1625 1238 1144 1054 1119 1153 1283 1976 1833 1971 1878 1759 1736 1327 1187 1226 1165 1247 1196 1929 1990 1925 1869 2013 1996 
89 1770 1684 1724 1709 1630 1651 1138 1269 1035 1182 1194 1281 1930 1812 1807 1831 1720 1801 1230 1198 1238 1149 1248 1227 1916 1904 1893 1879 1923 2030 
90 1728 1736 1746 1813 1702 1671 1111 1257 1082 1233 1163 1238 1832 1839 1910 1915 1787 1723 1214 1147 1214 1233 1190 1146 1896 1977 1935 1906 1938 1935 
91 1651 1651 1753 1611 1735 1637 1238 1235 1118 1199 1186 1183 1853 1682 1871 1776 1753 1823 1216 1179 1248 1142 1231 1219 1988 2055 1860 1876 2038 1874 
92 1715 1829 1681 1735 1780 1636 1163 1168 1125 1301 1229 1278 1860 1734 1882 1875 1816 1888 1242 1284 1233 1175 1197 1155 1875 1880 1892 1871 1944 1839 
93 1657 1717 1639 1595 1763 1637 1222 1253 1160 1190 1184 1228 1806 1715 1771 1768 1844 1873 1282 1153 1294 1219 1208 1126 1842 1991 1883 1883 1963 1913 
94 1698 1715 1640 1688 1780 1641 1165 1200 1106 1207 1240 1263 1926 1806 1835 1873 1744 1905 1214 1231 1174 1161 1236 1216 1844 1957 1875 1868 1903 1912 
95 1707 1630 1771 1778 1719 1693 1170 1229 1165 1237 1262 1288 1799 1862 1795 1823 1856 1885 1195 1188 1184 1199 1243 1193 1847 1892 1877 1804 1985 1852 
96 1654 1727 1718 1685 1739 1640 1169 1183 1130 1213 1213 1336 1847 1774 1810 1815 1794 1876 1239 1163 1186 1231 1158 1282 1860 1911 1913 1858 1979 1887 
97 1789 1736 1719 1743 1574 1746 1181 1258 1083 1222 1230 1296 1751 1794 1754 1865 1762 1871 1335 1142 1196 1208 1244 1202 1901 1997 1936 1804 1953 1978 
98 1801 1758 1772 1747 1628 1664 1206 1181 1098 1208 1253 1260 1847 1795 1832 1772 1839 1892 1267 1213 1272 1213 1254 1182 1844 1990 1770 1894 2045 2028 
99 1760 1718 1722 1685 1719 1725 1226 1216 1171 1165 1190 1282 1812 1701 1776 1867 1784 1943 1303 1206 1216 1178 1210 1163 1735 1947 2006 1950 1980 1973 
100 1687 1646 1720 1748 1684 1683 1187 1259 1160 1225 1262 1257 1814 1829 1881 1868 1782 1812 1270 1181 1218 1155 1170 1145 1911 1963 1881 2022 1900 1923 
101 1631 1681 1845 1729 1730 1687 1191 1202 1126 1213 1168 1245 1871 1757 1837 1846 1706 1807 1206 1113 1212 1251 1209 1194 1760 1815 1895 1873 1933 1917 
102 1794 1690 1726 1774 1722 1593 1195 1250 1100 1231 1154 1222 1847 1905 1789 1824 1849 1904 1330 1170 1253 1197 1270 1201 1867 1887 1836 2004 1990 1880 
103 1659 1727 1743 1698 1749 1669 1132 1218 1128 1277 1214 1308 1813 1799 1810 1966 1792 1865 1242 1207 1190 1171 1246 1234 1708 1800 1927 1914 2013 1988 
104 1734 1767 1652 1704 1747 1662 1211 1219 1137 1247 1201 1288 1850 1886 1715 1878 1800 1781 1273 1160 1189 1169 1215 1155 1841 1836 1881 1882 1866 1976 
105 1793 1755 1636 1673 1708 1690 1197 1183 1161 1218 1220 1212 1901 1768 1817 1788 1783 1809 1193 1178 1263 1214 1274 1233 1861 1991 1917 1819 1949 1972 
106 1685 1832 1670 1664 1638 1703 1178 1153 1146 1219 1251 1192 1844 1828 1728 1843 1779 1839 1252 1213 1254 1170 1238 1157 1899 2035 1878 1872 1931 2026 
107 1669 1683 1771 1739 1663 1549 1165 1192 1170 1204 1169 1210 1911 1872 1770 1715 1717 1859 1287 1158 1265 1196 1158 1269 1927 1832 1859 1872 1918 2028 
108 1733 1717 1704 1674 1729 1597 1161 1192 1105 1182 1184 1236 1858 1850 1775 1821 1794 1776 1242 1225 1292 1205 1279 1198 1927 1982 1777 1880 1875 1925 
109 1765 1760 1745 1678 1702 1625 1263 1214 1156 1200 1195 1172 1744 1764 1781 1874 1798 1891 1274 1235 1241 1199 1199 1209 1957 1906 1834 1879 1918 1913 
110 1660 1751 1692 1648 1644 1647 1176 1214 1100 1186 1256 1214 1826 1890 1764 1867 1774 1831 1319 1137 1229 1130 1246 1199 1804 1995 1976 1937 2016 1917 
111 1614 1738 1708 1774 1647 1682 1245 1162 1104 1211 1289 1244 1848 1766 1809 1744 1694 1841 1269 1190 1218 1202 1237 1203 1954 1895 1893 1987 1981 1924 
112 1824 1798 1690 1714 1800 1662 1214 1159 1116 1224 1158 1303 1895 1698 1817 1664 1805 1801 1234 1187 1213 1185 1232 1206 1879 1876 1971 1897 1927 1938 
113 1808 1857 1752 1729 1785 1656 1206 1155 1163 1101 1264 1227 1820 1824 1864 1830 1803 1900 1334 1187 1188 1122 1203 1212 1929 1856 1867 1873 1793 1989 
114 1873 1792 1619 1718 1678 1641 1176 1214 1119 1222 1234 1300 1898 1788 1814 1813 1808 1810 1316 1145 1194 1202 1231 1203 1843 1900 1927 1872 1996 1923 
115 1647 1720 1792 1698 1717 1633 1200 1262 1098 1189 1227 1151 1774 1914 1912 1844 1876 1859 1268 1151 1232 1208 1244 1121 1847 1880 1792 1841 2025 1918 
116 1897 1816 1648 1728 1739 1736 1209 1261 1167 1216 1217 1225 1829 1808 1866 1870 1808 1792 1271 1203 1181 1241 1214 1140 2036 1856 1886 1883 2043 1841 
117 1736 1748 1751 1725 1683 1723 1195 1189 1136 1160 1226 1244 1927 1810 1857 1801 1943 1777 1248 1228 1221 1206 1235 1213 1932 1999 1920 2005 1903 2038 
118 1761 1758 1716 1724 1676 1630 1168 1198 1042 1217 1249 1209 1794 1827 1766 1894 1788 1888 1173 1174 1264 1148 1233 1195 1880 1803 1868 1802 1895 1970 
119 1813 1657 1744 1726 1683 1672 1195 1225 1106 1129 1235 1265 1904 1739 1863 1861 1834 1869 1345 1113 1218 1211 1264 1175 1983 1890 1870 1940 2019 1923 
120 1746 1739 1691 1671 1658 1683 1198 1188 1143 1200 1208 1283 1835 1878 1759 1950 1739 1884 1321 1146 1214 1196 1118 1193 1851 1883 1925 1818 1919 1962 
121 1669 1753 1670 1769 1634 1649 1230 1159 1123 1214 1254 1242 1771 1784 1832 1863 1765 1885 1255 1195 1271 1158 1175 1221 1925 1918 1941 1912 1903 1978 
122 1646 1775 1678 1838 1679 1694 1173 1193 1134 1247 1219 1229 1897 1824 1877 1733 1783 1822 1233 1110 1229 1229 1242 1267 1747 1944 1928 1892 2042 2045 
123 1736 1821 1752 1718 1777 1580 1242 1258 1129 1187 1298 1209 1852 1796 1810 1807 1736 1784 1270 1227 1216 1200 1231 1170 1866 1996 1881 1927 1962 1953 
124 1788 1769 1680 1681 1717 1601 1156 1194 1071 1232 1204 1212 1816 1825 1793 1793 1793 1701 1244 1233 1213 1204 1159 1166 1999 1856 1916 1895 1941 1929 
125 1654 1711 1777 1713 1782 1736 1174 1189 1114 1141 1265 1198 1811 1763 1738 1717 1751 1786 1252 1175 1191 1190 1272 1194 1874 1884 2005 1908 1907 2047 
126 1660 1777 1778 1690 1704 1643 1231 1266 1132 1197 1228 1199 1899 1797 1822 1898 1798 1834 1252 1209 1216 1176 1228 1213 1884 1913 1888 1865 2012 1914 
127 1764 1753 1774 1643 1740 1679 1158 1183 1131 1218 1223 1330 1874 1789 1871 1840 1838 1893 1244 1217 1154 1226 1244 1126 1870 2045 1897 1981 1850 1915 
128 1734 1751 1784 1770 1729 1652 1180 1235 1142 1206 1185 1326 1871 1858 1759 1790 1791 1759 1271 1230 1218 1182 1264 1209 1843 1851 1865 1950 1831 1929 
129 1735 1811 1714 1697 1830 1730 1239 1231 1101 1179 1198 1243 1791 1856 1788 1896 1845 1878 1285 1116 1221 1288 1251 1214 1813 1835 1916 1969 1805 1995 
130 1725 1767 1684 1740 1746 1638 1243 1165 1143 1163 1189 1251 1843 1864 1766 1914 1838 1842 1245 1176 1292 1202 1232 1145 1951 1989 1997 1890 1961 1876 
131 1801 1830 1738 1675 1712 1657 1162 1215 1171 1252 1254 1293 1799 1861 1815 1869 1697 1869 1220 1210 1213 1208 1234 1185 1833 1909 1860 1867 2029 2046 
132 1692 1711 1747 1707 1619 1629 1163 1224 1098 1185 1228 1158 1829 1803 1866 1865 1801 1860 1272 1139 1217 1173 1291 1179 1926 1990 1805 1991 1932 1960 
133 1787 1843 1675 1664 1772 1606 1180 1191 1114 1248 1232 1209 1921 1883 1760 1805 1838 1759 1293 1083 1232 1236 1210 1158 1802 1929 1884 1949 1963 1845 
134 1698 1784 1704 1843 1762 1690 1198 1287 1163 1190 1125 1263 1731 1924 1792 1819 1832 1879 1270 1145 1220 1161 1257 1178 1873 1917 1949 1982 1825 1976 
135 1691 1694 1780 1715 1674 1651 1139 1250 1192 1152 1235 1291 1796 1777 1790 1834 1744 1963 1228 1266 1190 1113 1284 1136 1919 1885 1888 1984 1928 1895 
136 1754 1726 1782 1710 1744 1634 1192 1258 1195 1252 1237 1174 1860 1839 1873 1864 1882 1838 1272 1200 1265 1203 1203 1201 1866 1943 1842 1910 1905 1913 
137 1681 1636 1707 1725 1679 1647 1211 1191 1118 1197 1255 1242 1759 1832 1820 1869 1816 1799 1281 1154 1143 1202 1242 1217 1853 1985 1936 1790 1902 1920 
138 1794 1819 1716 1678 1788 1771 1129 1228 1174 1255 1194 1231 1900 1822 1961 1864 1810 1974 1212 1127 1221 1252 1232 1211 1953 1859 1988 1940 1984 2041 
139 1717 1747 1710 1696 1782 1747 1159 1267 1138 1231 1249 1218 1851 1905 1804 1891 1786 1845 1240 1174 1188 1183 1193 1145 1849 2019 1919 1830 1984 1891 
140 1761 1739 1723 1703 1632 1704 1182 1209 1104 1199 1252 1211 1812 1846 1941 1755 1901 1766 1266 1177 1193 1170 1266 1245 1889 1906 1898 1886 1902 1995 
141 1544 1788 1694 1746 1681 1737 1191 1164 1131 1219 1237 1280 1862 1884 1883 1811 1806 1822 1282 1183 1171 1216 1251 1253 1888 1814 1874 1881 2064 2106 
142 1738 1857 1773 1729 1746 1703 1230 1197 1099 1248 1236 1287 1849 1679 1826 1813 1842 1934 1266 1164 1190 1202 1212 1218 1870 1988 1840 1974 1914 1960 
143 1766 1713 1690 1728 1659 1636 1208 1184 1123 1233 1296 1239 1862 1911 1866 1897 1856 1741 1298 1200 1248 1202 1235 1206 1901 1860 2021 1922 1939 1937 
144 1654 1779 1753 1680 1616 1728 1207 1202 1196 1145 1193 1244 1842 1881 1781 1900 1756 1818 1321 1132 1139 1212 1230 1211 1857 1934 1892 1989 1862 2144 
145 1726 1684 1811 1730 1694 1657 1188 1199 1118 1231 1257 1212 1944 1873 1781 1864 1843 1903 1260 1141 1245 1271 1253 1151 1873 1802 1911 1813 1933 1983 
146 1763 1716 1712 1665 1642 1637 1209 1211 1131 1196 1197 1281 1827 1904 1902 1710 1763 1800 1268 1194 1214 1205 1200 1241 2021 1933 1757 1976 1952 1949 
147 1692 1670 1818 1625 1728 1682 1249 1187 1128 1160 1191 1185 1795 1867 1864 1792 1803 1799 1226 1174 1218 1204 1213 1195 1811 1970 1931 1892 2012 1963 
148 1713 1785 1700 1639 1726 1651 1184 1199 1129 1253 1251 1214 1928 1859 1843 1811 1745 1818 1352 1232 1154 1157 1200 1155 1860 1926 1969 1941 1982 2044 
149 1795 1752 1776 1693 1718 1647 1190 1198 1175 1224 1289 1243 1886 1822 1771 1785 1839 1804 1271 1143 1292 1241 1204 1155 1918 2041 1860 1880 1964 1956 
150 1707 1781 1776 1691 1781 1741 1231 1125 1159 1277 1183 1289 1814 1803 1799 1795 1813 1797 1352 1194 1219 1236 1257 1237 1805 2003 1932 1889 2056 2072 
151 1756 1797 1745 1749 1680 1703 1202 1207 1130 1161 1232 1183 1971 1838 1786 1810 1844 1886 1210 1181 1212 1196 1272 1200 1888 1858 1735 1865 1960 1912 
152 1790 1776 1690 1678 1638 1697 1163 1272 1169 1159 1201 1234 1899 1939 1882 1822 1876 1886 1332 1194 1233 1173 1232 1164 1928 1887 1942 1976 2061 1948 
153 1804 1755 1724 1684 1822 1630 1183 1180 1107 1252 1244 1227 1863 1880 1836 1785 1910 1785 1317 1189 1287 1237 1262 1217 1956 1961 1864 1905 1958 1935 
154 1689 1763 1818 1790 1794 1696 1214 1186 1093 1193 1227 1212 1800 1797 1806 1874 1858 1837 1303 1124 1266 1256 1272 1138 1851 1942 2005 1919 1823 1914 
155 1820 1718 1786 1701 1805 1641 1170 1148 1116 1265 1187 1304 1867 1857 1817 1767 1779 1760 1276 1148 1271 1162 1228 1212 1955 1874 1912 1888 1851 1927 
156 1738 1850 1897 1674 1778 1665 1099 1253 1103 1254 1258 1259 1895 1906 1698 1832 1840 1871 1289 1188 1142 1167 1234 1147 1955 1846 2009 1894 1936 1995 
157 1831 1818 1778 1760 1817 1694 1163 1254 1170 1250 1233 1251 1800 1806 1833 1809 1756 1736 1224 1153 1275 1166 1261 1174 1996 1932 1948 1868 1950 1945 
158 1664 1677 1719 1666 1793 1626 1196 1265 1122 1184 1188 1297 1981 1916 1828 1836 1856 1862 1287 1284 1182 1218 1173 1146 1885 1900 1969 2013 1929 1914 
159 1697 1783 1689 1720 1695 1655 1259 1131 1175 1194 1182 1327 1749 1864 1887 1798 1812 1818 1282 1130 1212 1174 1230 1194 1879 1914 1869 1833 1939 1993 
160 1786 1751 1828 1618 1726 1625 1206 1213 1125 1167 1238 1218 1918 1858 1768 1697 1841 1836 1231 1151 1177 1219 1223 1194 1874 1946 1985 1901 1807 1926 
161 1738 1715 1755 1641 1696 1689 1247 1237 1133 1180 1199 1299 1823 1792 1870 1770 1754 1809 1298 1235 1212 1279 1175 1196 1986 1908 1974 1978 1909 2031 
162 1772 1674 1694 1699 1784 1649 1213 1116 1182 1263 1289 1267 1901 1901 1882 1882 1777 1907 1307 1205 1186 1197 1241 1152 1869 1880 1971 1904 1922 1917 
163 1804 1778 1754 1634 1721 1712 1172 1207 1128 1232 1231 1242 1908 1862 1764 1889 1716 1763 1316 1224 1231 1082 1306 1227 1931 1962 1898 1895 2024 1920 
164 1671 1821 1671 1671 1788 1690 1160 1199 1142 1258 1222 1210 1870 1859 1908 1816 1743 1781 1265 1123 1193 1157 1214 1255 1951 1860 1904 1983 1897 1957 
165 1706 1824 1680 1673 1780 1693 1201 1265 1161 1231 1234 1265 1804 1801 1780 1780 1874 1770 1267 1178 1187 1180 1257 1225 1905 1998 1938 1822 1923 1992 
166 1728 1818 1708 1722 1726 1559 1224 1192 1179 1193 1160 1284 1871 1881 1852 1730 1946 1798 1318 1176 1217 1228 1225 1182 1803 1910 1937 1903 1944 1841 
167 1746 1760 1732 1690 1685 1635 1226 1193 1075 1223 1143 1282 1921 1886 1862 1838 1691 1731 1291 1134 1215 1208 1259 1211 1784 1882 1977 1919 2015 2020 
168 1660 1816 1736 1716 1692 1696 1226 1263 1159 1166 1203 1239 1852 1886 1802 1881 1858 1881 1292 1153 1158 1242 1195 1212 1773 1877 1947 1985 1910 2061 
169 1791 1646 1690 1713 1752 1625 1191 1200 1118 1167 1189 1198 1797 1916 1776 1887 1850 1873 1275 1202 1221 1197 1166 1269 1959 1883 1879 1960 2015 1939 
170 1802 1848 1722 1779 1786 1656 1194 1183 1060 1180 1237 1219 1773 1832 1827 1833 1750 1846 1289 1150 1217 1206 1213 1195 1843 1926 1945 1980 1957 1930 
171 1785 1793 1680 1707 1653 1623 1269 1184 1162 1210 1228 1235 1851 1708 1837 1875 1941 1842 1235 1148 1197 1205 1190 1199 1845 1992 1877 1929 1928 1852 
172 1696 1680 1822 1731 1592 1604 1197 1209 1168 1209 1322 1245 1903 1860 1965 1870 1770 1860 1267 1229 1223 1184 1227 1208 1804 1933 1933 1901 2047 1805 
173 1692 1826 1723 1695 1729 1590 1115 1217 1130 1267 1180 1263 1916 1866 1908 1885 1750 1809 1352 1191 1254 1255 1283 1196 1844 1782 1945 1938 1965 2066 
174 1710 1721 1680 1743 1787 1725 1241 1165 1070 1223 1239 1249 1907 1755 1785 1862 1840 1793 1271 1246 1276 1223 1267 1265 1767 1913 1951 1925 1935 1928 
175 1777 1687 1668 1696 1695 1568 1171 1250 1118 1204 1239 1165 1794 1830 1790 1823 1841 1814 1309 1188 1150 1198 1304 1196 1981 1944 1828 1890 1850 1990 
176 1722 1818 1736 1767 1749 1772 1164 1181 1080 1247 1210 1235 1873 1886 1784 1779 1891 1779 1306 1160 1242 1202 1193 1207 2000 1986 1867 1905 1988 2084 
177 1733 1795 1734 1762 1692 1729 1264 1224 1141 1260 1166 1288 1924 1820 1909 1793 1800 1861 1208 1158 1190 1158 1266 1250 1972 2037 1974 1917 1966 1956 
178 1707 1767 1683 1675 1704 1704 1206 1208 1075 1189 1259 1234 1838 1922 1887 1909 1746 1765 1273 1203 1235 1201 1241 1281 1895 1881 1986 1898 2041 1814 
179 1762 1670 1754 1761 1724 1675 1179 1248 1145 1183 1185 1327 1808 1750 1876 1797 1785 1799 1350 1255 1192 1255 1209 1240 1932 2007 1979 1986 1879 1868 
180 1687 1795 1835 1733 1783 1636 1228 1180 1182 1182 1215 1247 1818 1963 1804 1837 1754 1836 1317 1158 1235 1202 1269 1213 1868 1849 1875 1937 1965 1913 
181 1684 1736 1787 1709 1733 1737 1274 1257 1116 1182 1226 1262 2001 1826 1783 1783 1843 1786 1225 1110 1243 1199 1208 1194 1830 1915 1872 1880 1973 2055 
182 1729 1769 1684 1695 1848 1657 1179 1221 1097 1255 1261 1269 1869 1889 1862 1806 1812 1801 1251 1143 1252 1220 1193 1244 1851 1941 1913 1864 2047 2030 
183 1791 1841 1857 1789 1779 1781 1177 1243 1180 1166 1153 1238 1905 1829 1813 1861 1806 1759 1234 1122 1219 1184 1273 1238 1914 1937 2001 1920 1954 1978 
184 1714 1695 1707 1674 1640 1573 1178 1213 1173 1218 1262 1290 1832 1874 1898 1833 1842 1825 1222 1121 1257 1207 1235 1168 1882 1947 1867 1978 1969 1931 
185 1726 1721 1774 1743 1727 1674 1225 1201 1149 1251 1238 1211 1868 1848 1832 1843 1867 1934 1268 1181 1247 1267 1290 1200 1964 2007 1971 1951 2050 1886 
186 1692 1773 1720 1675 1755 1679 1193 1230 1179 1252 1198 1262 1845 1835 1906 1974 1837 1871 1350 1176 1216 1237 1250 1200 1972 1879 1879 1901 1988 1947 
187 1725 1845 1755 1800 1730 1662 1231 1185 1143 1263 1258 1244 1801 1784 1865 1862 1845 1789 1328 1192 1232 1226 1283 1236 1969 1909 1976 1892 1991 2066 
188 1767 1814 1803 1699 1782 1619 1227 1253 1133 1269 1249 1210 1821 1903 1761 1809 1884 1796 1306 1146 1168 1177 1252 1206 1865 1968 1886 1933 1879 2049 
189 1748 1797 1681 1711 1815 1589 1194 1187 1203 1200 1235 1233 1806 1783 1898 1873 1834 1761 1290 1228 1238 1227 1279 1175 1889 1890 1866 1889 1927 2028 
190 1719 1820 1672 1839 1749 1761 1215 1202 1112 1282 1252 1267 1732 1821 1773 1857 1907 1811 1302 1194 1172 1197 1211 1255 1925 1905 1944 2069 1955 1927 
191 1764 1835 1797 1778 1680 1628 1226 1266 1134 1149 1293 1289 1821 1885 1804 1916 1736 1875 1269 1177 1214 1275 1185 1205 1976 2062 1935 1874 1957 1965 
192 1753 1818 1689 1695 1703 1729 1211 1251 1096 1229 1181 1192 1852 1858 1963 1811 1787 1793 1308 1215 1317 1257 1195 1204 1946 1987 1777 1895 1947 1946 
193 1712 1787 1764 1826 1737 1656 1238 1238 1093 1213 1159 1217 1856 1865 1839 1864 1764 1810 1327 1176 1161 1224 1265 1178 1871 1881 1879 1890 1907 1942 
194 1799 1815 1745 1712 1716 1657 1206 1225 1098 1224 1217 1220 1902 1840 1873 1895 1703 1783 1299 1224 1293 1209 1248 1221 1821 1931 1985 1924 2048 2023 
195 1708 1736 1732 1760 1683 1633 1121 1281 1121 1250 1201 1242 1856 1866 1868 1835 1853 1826 1306 1180 1292 1276 1232 1179 1968 1916 1861 1884 1970 2003 
196 1841 1825 1749 1631 1628 1682 1185 1278 1113 1203 1254 1294 1830 1900 1818 1670 1917 1868 1268 1177 1238 1311 1239 1196 1999 2055 1871 2051 1927 2004 
197 1731 1819 1771 1682 1604 1669 1174 1184 1070 1206 1202 1259 1903 1860 1876 1839 1844 1715 1275 1215 1214 1202 1305 1174 1917 1915 1912 1849 2021 2055 
198 1749 1761 1716 1822 1687 1632 1158 1214 1124 1243 1180 1295 1957 1772 1870 1819 1757 1761 1351 1192 1148 1251 1213 1211 1788 1965 1880 1902 1932 1941 
199 1694 1820 1792 1767 1752 1663 1235 1196 1158 1238 1220 1293 1860 1820 1881 1765 1859 1769 1272 1144 1217 1287 1204 1178 1863 1848 1874 1910 2052 1962 
200 1831 1728 1704 1779 1710 1707 1206 1236 1121 1222 1169 1254 1873 1875 1873 1901 1886 1780 1317 1163 1158 1258 1280 1162 1950 1960 1817 1979 1837 1994 
201 1791 1766 1701 1749 1712 1628 1174 1235 1117 1251 1250 1265 1832 1836 1809 1811 1800 1898 1289 1149 1229 1212 1206 1167 1983 1925 1946 1899 2021 1973 
202 1694 1664 1734 1761 1799 1764 1169 1187 1060 1263 1305 1214 1834 1831 1823 1842 1867 1828 1330 1160 1241 1233 1158 1254 1800 1957 1868 1899 1974 1929 
203 1667 1783 1756 1774 1805 1772 1174 1220 1202 1237 1242 1240 1792 1887 1894 1864 1852 1925 1258 1146 1298 1276 1154 1140 1859 1896 1884 1900 2002 1873 
204 1690 1744 1670 1801 1759 1598 1270 1186 1142 1186 1229 1255 1864 1737 1693 1884 1841 1935 1292 1160 1265 1232 1258 1229 1967 1918 1861 1868 1908 1980 
205 1720 1782 1670 1734 1674 1686 1181 1219 1035 1201 1277 1283 1862 1789 1792 1878 1837 1772 1270 1136 1274 1275 1285 1172 1868 1895 1983 1902 1905 1881 
206 1691 1807 1782 1743 1810 1622 1152 1180 1197 1256 1235 1311 1919 1934 1862 1900 1870 1769 1274 1176 1250 1148 1189 1192 1809 2047 1869 1933 1955 1999 
207 1754 1833 1771 1772 1778 1767 1226 1249 1194 1231 1201 1288 1832 1876 1870 1827 1787 1813 1279 1174 1184 1214 1307 1195 1996 1897 1877 1994 1984 1988 
208 1730 1798 1772 1721 1779 1656 1174 1215 1191 1203 1216 1263 1880 1940 1867 1824 1860 1867 1273 1208 1199 1205 1309 1169 1879 1883 1977 1839 1994 1988 
209 1704 1847 1746 1690 1694 1699 1185 1188 1130 1266 1220 1313 1948 1862 1846 1786 1745 1703 1267 1128 1272 1229 1265 1156 1860 1918 1922 1928 2067 1943 
210 1708 1793 1803 1812 1791 1768 1214 1257 1110 1220 1207 1231 1855 1814 1922 1775 1842 1872 1274 1181 1226 1201 1276 1279 1881 2001 1940 1990 1975 2029 
211 1760 1795 1719 1787 1731 1725 1162 1228 1141 1191 1270 1232 1941 1812 1881 1913 1806 1722 1246 1217 1164 1176 1234 1201 1965 1909 1952 1880 1856 1915 
212 1797 1873 1588 1788 1724 1760 1154 1252 1159 1268 1140 1199 1895 1858 1925 1937 1785 1806 1272 1186 1234 1282 1232 1273 1919 1898 1872 2014 1929 1975 
213 1703 1720 1749 1723 1680 1628 1164 1235 1121 1190 1258 1262 1832 1889 1875 1874 1848 1825 1271 1203 1237 1199 1280 1234 1846 1882 1927 1877 1951 1925 
214 1776 1878 1743 1626 1802 1647 1193 1206 1118 1228 1227 1236 1898 1777 1770 1836 1940 1796 1265 1227 1217 1220 1230 1221 1852 1934 1861 1888 2089 2040 
215 1670 1728 1780 1675 1751 1693 1173 819 1098 1257 1228 1285 1800 1788 1821 1808 1782 1775 1290 1194 1213 1234 1236 1246 1991 1854 1917 1889 1828 1947 
216 1713 1799 1736 1698 1812 1722 1163 1255 1190 1221 1181 1212 1796 1809 1792 1807 1866 1823 1359 1194 1260 1230 1236 1215 1842 1915 1831 1924 1929 1965 
217 1793 1727 1712 1766 1730 1727 1193 1186 1096 1237 1279 1316 1830 1865 1808 1870 1809 1779 1331 1223 1180 1202 1215 1193 1797 1839 1897 1940 1985 1850 
218 1796 1857 1618 1744 1796 1578 1215 1266 1171 1292 1222 1229 1905 1801 1873 1784 1751 1765 1270 1157 1192 1204 1251 1208 1857 1846 1822 1956 1850 1808 
219 1690 1862 1719 1721 1699 1654 1198 1256 1130 1233 1264 1260 2000 2025 1897 1844 1891 1881 1301 1228 1217 1196 1276 1246 1898 1949 2011 1929 1946 1984 
220 1767 1751 1780 1815 1728 1723 1188 1273 1103 1228 1231 1240 1826 1886 1837 1770 1843 1785 1310 1153 1235 1220 1187 1199 1903 1941 1974 2011 1953 2029 
221 1761 1781 1713 1760 1740 1682 1141 1200 1160 1284 1249 1282 1950 1866 1821 1813 1720 1871 1286 1132 1197 1184 1320 1151 1948 2058 1923 1980 2015 1871 
222 1720 1684 1726 1736 1710 1690 1180 1273 1160 1252 1263 1197 1869 1813 1776 1784 1776 1865 1306 1184 1240 1201 1255 1199 1897 1996 1917 1925 1991 2023 
223 1773 1816 1710 1752 1713 1631 1159 1250 1174 1261 1236 1244 1793 1829 1826 1845 1849 1865 1254 1209 1252 1196 1293 1240 1849 1904 1991 1983 1960 1973 
224 1772 1757 1697 1663 1712 1776 1181 1156 1184 1215 1169 1314 1875 1867 1863 1813 1887 1865 1224 1188 1213 1197 1202 1141 1837 1984 1919 1884 1967 2090 
225 1692 1745 1599 1640 1701 1666 1229 1249 1110 1179 1218 1239 1871 1892 1871 1793 1821 1920 1313 1161 1317 1201 1232 1198 1860 1935 1840 1952 1947 1989 
226 1699 1795 1740 1590 1704 1642 1176 1183 1119 1301 1223 1215 1870 1913 1764 1815 1840 1842 1283 1178 1229 1260 1238 1198 1890 1880 1931 1893 1996 1980 
227 1837 1821 1672 1705 1685 1600 1163 1256 1118 1185 1271 1253 1898 1769 1759 1770 1745 1870 1212 1199 1204 1207 1249 1219 1879 1878 1864 1912 2012 1999 
228 1665 1828 1773 1789 1755 1665 1205 1249 1170 1212 1259 1220 1863 1696 1900 1892 1801 1812 1330 1231 1266 1218 1253 1136 1908 2006 1905 1957 2021 1910 
229 1687 1779 1794 1673 1757 1726 1225 1166 1096 1206 1236 1237 1903 1759 1817 1885 1874 1801 1353 1255 1215 1226 1264 1272 1870 1934 1920 1896 1956 1894 
230 1745 1868 1681 1773 1727 1646 1183 1210 1101 1236 1255 1258 1827 1786 1872 1835 1885 1909 1271 1195 1224 1227 1230 1223 1767 1850 1907 1960 1975 1985 
231 1805 1733 1737 1791 1779 1741 1237 1269 1121 1181 1190 1285 1802 1899 1795 1982 1804 1827 1272 1177 1266 1216 1245 1201 1954 2006 1942 1944 2065 1990 
232 1721 1712 1745 1673 1780 1724 1228 1181 1164 1260 1213 1238 1849 1810 1807 1891 1777 1787 1274 1200 1147 1222 1322 1270 1953 1961 1931 1921 1946 1918 
233 1745 1744 1786 1737 1812 1830 1275 1182 1097 1208 1257 1296 1718 1858 1877 1972 1944 1902 1294 1142 1293 1171 1306 1229 1861 1877 2001 2043 1930 1956 
234 1725 1766 1717 1710 1812 1731 1248 1262 1122 1186 1256 1294 1936 1832 1874 1866 1794 1871 1293 1229 1229 1181 1203 1245 1900 2025 1951 1948 2036 1968 
235 1685 1751 1709 1741 1707 1740 1245 1209 1129 1213 1260 1317 1873 1879 1903 1834 1791 1802 1312 1198 1287 1220 1286 1197 1881 2014 1895 1932 1951 1892 
236 1810 1857 1745 1709 1690 1650 1199 1196 1068 1191 1148 1266 1957 1795 1862 1869 1766 1805 1210 1146 1269 1247 1179 1164 1884 1823 2021 1897 1906 1917 
237 1737 1792 1715 1730 1746 1697 1225 1280 1113 1180 1275 1196 1917 1838 1832 1867 1785 1863 1267 1215 1193 1228 1258 1280 1990 1996 1887 1909 1860 1992 
238 1819 1712 1698 1688 1719 1632 1275 1275 1169 1330 1206 1260 1945 1793 1837 1871 1772 1884 1263 1180 1272 1184 1319 1214 1957 2012 1986 1951 1921 2006 
239 1760 1829 1675 1687 1754 1666 1187 1257 1141 1234 803 1259 1799 1904 1800 1832 1766 1903 1301 1135 1208 1198 1240 1206 1847 1994 1866 1883 1955 1974 
240 1819 1826 1753 1692 1759 1666 1235 1263 1068 1265 1208 1253 1859 1789 1723 1876 1841 1866 1248 1176 1196 1200 1243 1196 1867 1817 1898 1741 1952 2052 
241 1714 1763 1689 1707 1734 1729 1202 1262 1115 1261 1209 1298 1799 1858 1858 1871 1816 1763 1346 1179 1231 1200 1271 1182 1793 2072 1867 2016 1934 1950 
242 1662 1818 1727 1664 1802 1678 1192 1195 1109 1262 1291 1316 1905 1868 1870 1854 1767 1826 1285 1176 1237 1263 1232 1246 1704 1881 1881 1837 1925 1991 
243 1697 1770 1663 1729 1621 1636 1209 1211 1164 1224 1264 1232 1963 1861 1898 1897 1879 1778 1322 1147 1324 1237 1309 1223 1887 1985 1911 1877 1908 1970 
244 1834 1784 1701 1743 1736 1761 1226 1228 1167 1205 1248 1313 1931 1902 1867 1887 1760 1781 1284 1097 1261 1242 1277 1157 1887 1881 1825 1934 2051 1833 
245 1795 1826 1698 1740 1691 1645 1120 1199 1192 1215 1254 1285 1963 1879 1865 1867 1773 1837 1353 1222 1287 1286 1287 1159 1849 2001 1908 1997 1958 2036 
246 1795 1757 1784 1635 1757 1705 1192 1217 1179 1224 1185 1293 1893 1861 1909 1891 1859 1816 1322 1213 1231 1203 1194 1155 1850 1928 1982 1976 1939 1984 
247 1751 1837 1829 1665 1790 1615 1239 1220 1159 1232 1217 1324 1896 1762 1871 1832 1812 1867 1323 1198 1154 1214 1254 1214 1905 1988 1969 1919 2054 1936 
248 1768 1828 1668 1777 1743 1743 1192 1251 1134 1268 1147 1260 1932 1900 1863 1728 1942 1869 1355 1197 1221 1233 1236 1145 1990 1993 1978 1989 2062 1989 
249 1656 1794 1823 1694 1759 1630 1162 1212 1179 1183 1153 1290 1796 1818 1841 1875 1744 1827 1273 1177 1196 1133 1140 1219 1960 1924 1893 1946 1910 2064 
250 1685 1832 1779 1740 1789 1668 1197 1230 1124 1200 1236 1247 1864 1956 1967 1760 1798 1865 1323 1176 1147 1236 1276 1200 1935 1855 1969 1975 1943 2080 
251 1833 1757 1680 1769 1677 1733 1195 1322 1118 1318 1232 1298 1800 1786 1868 1900 1862 1927 1284 1175 1238 1152 1239 1233 1975 2007 1920 1931 2033 2028 
252 1750 1844 1700 1740 1776 1694 1240 1285 1159 1258 1206 1150 1928 1873 1807 1904 1866 1861 1272 1190 1287 1229 1304 1141 1738 1893 1860 1828 2094 1973 
253 1790 1736 1827 1684 1678 1645 1167 1204 1172 1261 1223 1253 1791 1793 1818 1883 1882 1827 1305 1235 1258 1213 1239 1251 1806 1908 1868 1933 1868 1961 
254 1690 1767 1831 1697 1905 1676 1187 1257 1112 1212 1198 1180 1855 1886 1915 1870 1781 1892 1316 1217 1185 1213 1262 1274 1908 1911 1980 1742 1950 2068 
255 1691 1823 1776 1709 1736 1680 1148 1201 1098 1275 1253 1239 1840 1864 1792 1800 1785 1895 1287 1196 1218 1251 1264 1203 1853 1902 1920 1985 1859 1891 

